
  EMSL Basis Set Library
  Generated Wed Feb 21 08:48:46 PST 2007

!
! BASIS="STO-6G"
!Elements                             References                                
!--------                             ----------                                
! H - Ne:  W.J. Hehre, R.F. Stewart and J.A. Pople, J. Chem. Phys. 51, 2657     
!          (1969).                                                              
!Na - Ar:  W.J. Hehre, R. Ditchfield, R.F. Stewart and J.A. Pople,              
!          J. Chem. Phys. 52, 2769 (1970).
!
HYDROGEN     ! (6S) -> [1S]                                      
 S   6
  1        35.52322122         0.9163596280E-02
  2        6.513143725         0.4936149294E-01
  3        1.822142904         0.1685383049    
  4       0.6259552660         0.3705627997    
  5       0.2430767470         0.4164915298    
  6       0.1001124280         0.1303340841    
HELIUM       ! (6S) -> [1S]                                      
 S   6
  1        65.98456824         0.9163596280E-02
  2        12.09819836         0.4936149294E-01
  3        3.384639924         0.1685383049    
  4        1.162715163         0.3705627997    
  5       0.4515163220         0.4164915298    
  6       0.1859593560         0.1303340841    
LITHIUM      ! (12S,6P) -> [2S,1P]                               
 S   6
  1        167.1758462         0.9163596280E-02
  2        30.65150840         0.4936149294E-01
  3        8.575187477         0.1685383049    
  4        2.945808337         0.3705627997    
  5        1.143943581         0.4164915298    
  6       0.4711391391         0.1303340841    
 L   6
  1        6.597563981        -0.1325278809E-01     0.3759696600E-02
  2        1.305830092        -0.4699171014E-01     0.3767936980E-01
  3       0.4058510193        -0.3378537151E-01     0.1738967435    
  4       0.1561455158         0.2502417861         0.4180364347    
  5       0.6781410390E-01     0.5951172526         0.4258595477    
  6       0.3108416550E-01     0.2407061763         0.1017082955    
BERYLLIUM    ! (12S,6P) -> [2S,1P]                               
 S   6
  1        312.8704937         0.9163596280E-02
  2        57.36446253         0.4936149294E-01
  3        16.04850940         0.1685383049    
  4        5.513096119         0.3705627997    
  5        2.140896553         0.4164915298    
  6       0.8817394283         0.1303340841    
 L   6
  1        13.63324744        -0.1325278809E-01     0.3759696600E-02
  2        2.698375464        -0.4699171014E-01     0.3767936980E-01
  3       0.8386530829        -0.3378537151E-01     0.1738967435    
  4       0.3226600698         0.2502417861         0.4180364347    
  5       0.1401314882         0.5951172526         0.4258595477    
  6       0.6423251390E-01     0.2407061763         0.1017082955    
BORON        ! (12S,6P) -> [2S,1P]                               
 S   6
  1        1355.584234         0.9163596280E-02
  2        248.5448855         0.4936149294E-01
  3        69.53390229         0.1685383049    
  4        23.88677211         0.3705627997    
  5        9.275932609         0.4164915298    
  6        3.820341298         0.1303340841    
 L   6
  1        52.18776196        -0.1325278809E-01     0.3759696620E-02
  2        10.32932006        -0.4699171014E-01     0.3767936984E-01
  3        3.210344977        -0.3378537151E-01     0.1738967435    
  4        1.235135428         0.2502417861         0.4180364347    
  5        5.364201581         0.5951172526         0.4258595477    
  6       0.2458806060         0.2407061763         0.1017082955    
CARBON       ! (12S,6P) -> [2S,1P]                               
 S   6
  1        742.7370491         0.9163596280E-02
  2        136.1800249         0.4936149294E-01
  3        38.09826352         0.1685383049    
  4        13.08778177         0.3705627997    
  5        5.082368648         0.4164915298    
  6        2.093200076         0.1303340841    
 L   6
  1        30.49723950        -0.1325278809E-01     0.3759696600E-02
  2        6.036199601        -0.4699171014E-01     0.3767936980E-01
  3        1.876046337        -0.3378537151E-01     0.1738967435    
  4       0.7217826470         0.2502417861         0.4180364347    
  5       0.3134706954         0.5951172526         0.4258595477    
  6       0.1436865550         0.2407061763         0.1017082955    
NITROGEN     ! (12S,6P) -> [2S,1P]                               
 S   6
  1        1027.828458         0.9163596280E-02
  2        188.4512226         0.4936149294E-01
  3        52.72186097         0.1685383049    
  4        18.11138217         0.3705627997    
  5        7.033179691         0.4164915298    
  6        2.896651794         0.1303340841    
 L   6
  1        39.19880787        -0.1325278809E-01     0.3759696600E-02
  2        7.758467071        -0.4699171014E-01     0.3767936980E-01
  3        2.411325783        -0.3378537151E-01     0.1738967435    
  4       0.9277239437         0.2502417861         0.4180364347    
  5       0.4029111410         0.5951172526         0.4258595477    
  6       0.1846836552         0.2407061763         0.1017082955    
OXYGEN       ! (12S,6P) -> [2S,1P]                               
 S   6
  1        1355.584234         0.9163596280E-02
  2        248.5448855         0.4936149294E-01
  3        69.53390229         0.1685383049    
  4        23.88677211         0.3705627997    
  5        9.275932609         0.4164915298    
  6        3.820341298         0.1303340841    
 L   6
  1        52.18776196        -0.1325278809E-01     0.3759696600E-02
  2        10.32932006        -0.4699171014E-01     0.3767936980E-01
  3        3.210344977        -0.3378537151E-01     0.1738967435    
  4        1.235135428         0.2502417861         0.4180364347    
  5       0.5364201580         0.5951172526         0.4258595477    
  6       0.2458806060         0.2407061763         0.1017082955    
FLUORINE     ! (12S,6P) -> [2S,1P]                               
 S   6
  1        1728.626574         0.9163596280E-02
  2        316.9417900         0.4936149294E-01
  3        88.66889139         0.1685383049    
  4        30.46015731         0.3705627997    
  5        11.82857044         0.4164915298    
  6        4.871658522         0.1303340841    
 L   6
  1        67.03228091        -0.1325278809E-01     0.3759696600E-02
  2        13.26743777        -0.4699171014E-01     0.3767936980E-01
  3        4.123509771        -0.3378537151E-01     0.1738967435    
  4        1.586462839         0.2502417861         0.4180364347    
  5       0.6890018920         0.5951172526         0.4258595477    
  6       0.3158199780         0.2407061763         0.1017082955    
NEON         ! (12S,6P) -> [2S,1P]                               
 S   6
  1        2146.955475         0.9163596280E-02
  2        393.6419362         0.4936149294E-01
  3        110.1268283         0.1685383049    
  4        37.83153777         0.3705627997    
  5        14.69109318         0.4164915298    
  6        6.050603466         0.1303340841    
 L   6
  1        85.50442919        -0.1325278809E-01     0.3759696600E-02
  2        16.92355799        -0.4699171014E-01     0.3767936980E-01
  3        5.259829210        -0.3378537151E-01     0.1738967435    
  4        2.023645885         0.2502417861         0.4180364347    
  5       0.8788707870         0.5951172526         0.4258595477    
  6       0.4028507850         0.2407061763         0.1017082955    
SODIUM       ! (18S,12P) -> [3S,2P]                              
 S   6
  1        2600.756771         0.9163596280E-02
  2        476.8459071         0.4936149294E-01
  3        133.4043010         0.1685383049    
  4        45.82797788         0.3705627997    
  5        17.79634487         0.4164915298    
  6        7.329517596         0.1303340841    
 L   6
  1        124.8424044        -0.1325278810E-01     0.3759696600E-02
  2        24.70956992        -0.4699171010E-01     0.3767936980E-01
  3        7.679715913        -0.3378537150E-01     0.1738967435    
  4        2.954663523         0.2502417861         0.4180364347    
  5        1.283212382         0.5951172526         0.4258595477    
  6       0.5881901217         0.2407061763         0.1017082955    
 L   6
  1        9.433006047        -0.7943126400E-02    -0.7139358900E-02
  2        2.526243756        -0.7100264170E-01    -0.1829277070E-01
  3       0.9473682500        -0.1785026925         0.7621621430E-01
  4       0.4240594435         0.1510635058         0.4145098597    
  5       0.2098454079         0.7354914767         0.4889621471    
  6       0.1081470943         0.2760593123         0.1058816521    
MAGNESIUM    ! (18S,12P) -> [3S,2P]                              
 S   6
  1        2600.756771         0.9163596280E-02
  2        476.8459071         0.4936149294E-01
  3        133.4043010         0.1685383049    
  4        45.82797788         0.3705627997    
  5        17.79634487         0.4164915298    
  6        7.329517596         0.1303340841    
 L   6
  1        124.8424044        -0.1325278810E-01     0.3759696600E-02
  2        24.70956992        -0.4699171010E-01     0.3767936980E-01
  3        7.679715913        -0.3378537150E-01     0.1738967435    
  4        2.954663523         0.2502417861         0.4180364347    
  5        1.283212382         0.5951172526         0.4258595477    
  6       0.5881901217         0.2407061763         0.1017082955    
 L   6
  1        9.433006047        -0.7943126400E-02    -0.7139358900E-02
  2        2.526243756        -0.7100264170E-01    -0.1829277070E-01
  3       0.9473682500        -0.1785026925         0.7621621430E-01
  4       0.4240594435         0.1510635058         0.4145098597    
  5       0.2098454079         0.7354914767         0.4889621471    
  6       0.1081470943         0.2760593123         0.1058816521    
ALUMINUM     ! (18S,12P) -> [3S,2P]                              
 S   6
  1        3644.586388         0.9163596280E-02
  2        668.2309248         0.4936149294E-01
  3        186.9469321         0.1685383049    
  4        64.22131675         0.3705627997    
  5        24.93901660         0.4164915298    
  6        10.27126426         0.1303340841    
 L   6
  1        195.9641441        -0.1325278810E-01     0.3759696600E-02
  2        38.78641831        -0.4699171010E-01     0.3767936980E-01
  3        12.05478990        -0.3378537150E-01     0.1738967435    
  4        4.637912184         0.2502417861         0.4180364347    
  5        2.014248422         0.5951172526         0.4258595477    
  6       0.9232774259         0.2407061763         0.1017082955    
 L   6
  1        8.901677544        -0.7943126400E-02    -0.7139358900E-02
  2        2.383949209        -0.7100264170E-01    -0.1829277070E-01
  3       0.8940062839        -0.1785026925         0.7621621430E-01
  4       0.4001736462         0.1510635058         0.4145098597    
  5       0.1980255441         0.7354914767         0.4889621471    
  6       0.1020555436         0.2760593123         0.1058816521    
SILICON      ! (18S,12P) -> [3S,2P]                              
 S   6
  1        4229.261737         0.9163596280E-02
  2        775.4305100         0.4936149294E-01
  3        216.9375129         0.1685383049    
  4        74.52389069         0.3705627997    
  5        28.93980755         0.4164915298    
  6        11.91901091         0.1303340841    
 L   6
  1        240.4904849        -0.1325278810E-01     0.3759696600E-02
  2        47.59934318        -0.4699171010E-01     0.3767936980E-01
  3        14.79384038        -0.3378537150E-01     0.1738967435    
  4        5.691723632         0.2502417861         0.4180364347    
  5        2.471919452         0.5951172526         0.4258595477    
  6        1.133061545         0.2407061763         0.1017082955    
 L   6
  1        9.433006047        -0.7943126400E-02    -0.7139358900E-02
  2        2.526243756        -0.7100264170E-01    -0.1829277070E-01
  3       0.9473682506        -0.1785026925         0.7621621430E-01
  4       0.4240594435         0.1510635058         0.4145098597    
  5       0.2098454079         0.7354914767         0.4889621471    
  6       0.1081470943         0.2760593123         0.1058816521    
PHOSPHORUS   ! (18S,12P) -> [3S,2P]                              
 S   6
  1        4857.412371         0.9163596280E-02
  2        890.6012410         0.4936149294E-01
  3        249.1581331         0.1685383049    
  4        85.59254335         0.3705627997    
  5        33.23808927         0.4164915298    
  6        13.68928069         0.1303340841    
 L   6
  1        290.6649590        -0.1325278810E-01     0.3759696600E-02
  2        57.53018103        -0.4699171010E-01     0.3767936980E-01
  3        17.88033738        -0.3378537150E-01     0.1738967435    
  4        6.879210280         0.2502417861         0.4180364347    
  5        2.987645712         0.5951172526         0.4258595477    
  6        1.369456623         0.2407061763         0.1017082955    
 L   6
  1        11.11939652        -0.7943126400E-02    -0.7139358910E-02
  2        2.977874272        -0.7100264170E-01    -0.1829277070E-01
  3        1.116734493        -0.1785026925         0.7621621428E-01
  4       0.4998708868         0.1510635058         0.4145098597    
  5       0.2473606277         0.7354914767         0.4889621471    
  6       0.1274811462         0.2760593123         0.1058816521    
SULFUR       ! (18S,12P) -> [3S,2P]                              
 S   6
  1        5529.038289         0.9163596280E-02
  2        1013.743118         0.4936149294E-01
  3        283.6087927         0.1685383049    
  4        97.42727471         0.3705627997    
  5        37.83386178         0.4164915298    
  6        15.58207360         0.1303340841    
 L   6
  1        345.5896791        -0.1325278810E-01     0.3759696600E-02
  2        68.40121655        -0.4699171010E-01     0.3767936980E-01
  3        21.25904712        -0.3378537150E-01     0.1738967435    
  4        8.179121699         0.2502417861         0.4180364347    
  5        3.552198128         0.5951172526         0.4258595477    
  6        1.628232301         0.2407061763         0.1017082955    
 L   6
  1        12.94439442        -0.7943126400E-02    -0.7139358900E-02
  2        3.466625105        -0.7100264170E-01    -0.1829277070E-01
  3        1.300021248        -0.1785026925         0.7621621430E-01
  4       0.5819134077         0.1510635058         0.4145098597    
  5       0.2879592903         0.7354914767         0.4889621471    
  6       0.1484042983         0.2760593123         0.1058816521    
CHLORINE     ! (18S,12P) -> [3S,2P]                              
 S   6
  1        6236.545525         0.9163596280E-02
  2        1143.463795         0.4936149294E-01
  3        319.8999635         0.1685383049    
  4        109.8942714         0.3705627997    
  5        42.67516141         0.4164915298    
  6        17.57598814         0.1303340841    
 L   6
  1        403.9729660        -0.1325278810E-01     0.3759696600E-02
  2        79.95679269        -0.4699171010E-01     0.3767936980E-01
  3        24.85051157        -0.3378537150E-01     0.1738967435    
  4        9.560887526         0.2502417861         0.4180364347    
  5        4.152299968         0.5951172526         0.4258595477    
  6        1.903302881         0.2407061763         0.1017082955    
 L   6
  1        13.58352871        -0.7943126400E-02    -0.7139358900E-02
  2        3.637791008        -0.7100264170E-01    -0.1829277070E-01
  3        1.364210281        -0.1785026925         0.7621621430E-01
  4       0.6106455986         0.1510635058         0.4145098597    
  5       0.3021773873         0.7354914767         0.4889621471    
  6       0.1557318157         0.2760593123         0.1058816521    
ARGON        ! (18S,12P) -> [3S,2P]                              
 S   6
  1        6994.673814         0.9163596280E-02
  2        1282.465787         0.4936149294E-01
  3        358.7877117         0.1685383049    
  4        123.2532624         0.3705627997    
  5        47.86284856         0.4164915298    
  6        19.71256419         0.1303340841    
 L   6
  1        468.2992148        -0.1325278810E-01     0.3759696600E-02
  2        92.68863609        -0.4699171010E-01     0.3767936980E-01
  3        28.80755901        -0.3378537150E-01     0.1738967435    
  4        11.08330631         0.2502417861         0.4180364347    
  5        4.813487481         0.5951172526         0.4258595477    
  6        2.206373495         0.2407061763         0.1017082955    
 L   6
  1        16.72190907        -0.7943126400E-02    -0.7139358900E-02
  2        4.478277461        -0.7100264170E-01    -0.1829277070E-01
  3        1.679401631        -0.1785026925         0.7621621430E-01
  4       0.7517310408         0.1510635058         0.4145098597    
  5       0.3719933828         0.7354914767         0.4889621471    
  6       0.1917125747         0.2760593123         0.1058816521    
POTASSIUM    ! (24S,18P) -> [4S,3P]                              
 S   6
  1        8001.321412         0.9163596280E-02
  2        1467.033522         0.4936149294E-01
  3        410.4231128         0.1685383049    
  4        140.9914163         0.3705627997    
  5        54.75109279         0.4164915298    
  6        22.54952356         0.1303340841    
 L   6
  1        543.3465051        -0.1325278809E-01     0.3759696623E-02
  2        107.5424534        -0.4699171014E-01     0.3767936984E-01
  3        33.42411435        -0.3378537151E-01     0.1738967435    
  4        12.85946155         0.2502417861         0.4180364347    
  5        5.584872913         0.5951172526         0.4258595477    
  6        2.559955878         0.2407061763         0.1017082955    
 L   6
  1        23.29374963        -0.7943126362E-02    -0.7139358907E-02
  2        6.238275397        -0.7100264172E-01    -0.1829277070E-01
  3        2.339419558        -0.1785026925         0.7621621428E-01
  4        1.047167197         0.1510635058         0.4145098597    
  5       0.5181896807         0.7354914767         0.4889621471    
  6       0.2670571103         0.2760593123         0.1058816521    
 L   6
  1        2.791996035         0.3775056000E-02    -0.7052075000E-02
  2       0.8983681264        -0.5585965000E-01    -0.5259505000E-01
  3       0.3838418398        -0.3192946000        -0.3773450000E-01
  4       0.1914081612        -0.2764780000E-01     0.3874773000    
  5       0.1033137261         0.9049199000         0.5791672000    
  6       0.5744847995E-01     0.3406258000         0.1221817000    
CALCIUM      ! (24S,18P) -> [4S,3P]                              
 S   6
  1        8857.157042         0.9163596280E-02
  2        1623.950048         0.4936149294E-01
  3        454.3227021         0.1685383049    
  4        156.0721100         0.3705627997    
  5        60.60736746         0.4164915298    
  6        24.96146087         0.1303340841    
 L   6
  1        617.5690999        -0.1325278809E-01     0.3759696623E-02
  2        122.2330419        -0.4699171014E-01     0.3767936984E-01
  3        37.98993832        -0.3378537151E-01     0.1738967435    
  4        14.61609860         0.2502417861         0.4180364347    
  5        6.347781583         0.5951172526         0.4258595477    
  6        2.909652740         0.2407061763         0.1017082955    
 L   6
  1        27.90660509        -0.7943126362E-02    -0.7139358907E-02
  2        7.473639527        -0.7100264172E-01    -0.1829277070E-01
  3        2.802694233        -0.1785026925         0.7621621428E-01
  4        1.254537458         0.1510635058         0.4145098597    
  5       0.6208066547         0.7354914767         0.4889621471    
  6       0.3199423636         0.2760593123         0.1058816521    
 L   6
  1        2.525343962         0.3775056000E-02    -0.7052075000E-02
  2       0.8125686765        -0.5585965000E-01    -0.5259505000E-01
  3       0.3471826822        -0.3192946000        -0.3773450000E-01
  4       0.1731275539        -0.2764780000E-01     0.3874773000    
  5       0.9344665645E-01     0.9049199000         0.5791672000    
  6       0.5196181158E-01     0.3406258000         0.1221817000    
SCANDIUM     ! (24S,18P,6D) -> [4S,3P,1D]                        
 S   6
  1        9765.965612         0.9163596280E-02
  2        1790.579105         0.4936149294E-01
  3        500.9395073         0.1685383049    
  4        172.0862408         0.3705627997    
  5        66.82612307         0.4164915298    
  6        27.52268785         0.1303340841    
 L   6
  1        696.5419408        -0.1325278809E-01     0.3759696623E-02
  2        137.8638281        -0.4699171014E-01     0.3767936984E-01
  3        42.84797502        -0.3378537151E-01     0.1738967435    
  4        16.48516043         0.2502417861         0.4180364347    
  5        7.159516407         0.5951172526         0.4258595477    
  6        3.281730201         0.2407061763         0.1017082955    
 L   6
  1        28.13541924        -0.7943126362E-02    -0.7139358907E-02
  2        8.101568293        -0.7100264172E-01    -0.1829277070E-01
  3        3.186549647        -0.1785026925         0.7621621428E-01
  4        1.456361493         0.1510635058         0.4145098597    
  5       0.7247816118         0.7354914767         0.4889621471    
  6       0.3722203375         0.2760593123         0.1058816521    
 D   6
  1        3.303913712         0.6633434386E-02
  2       0.9513589381         0.5958177963E-01
  3       0.3741932894         0.2401949582    
  4       0.1710190513         0.4648114679    
  5       0.8511036872E-01     0.3434092326    
  6       0.4370945627E-01     0.5389056980E-01
 L   6
  1        3.495285760         0.3775056000E-02    -0.7052075000E-02
  2        1.124662528        -0.5585965000E-01    -0.5259505000E-01
  3       0.4805296640        -0.3192946000        -0.3773450000E-01
  4       0.2396229120        -0.2764780000E-01     0.3874773000    
  5       0.1293379328         0.9049199000         0.5791672000    
  6       0.7191946240E-01     0.3406258000         0.1221817000    
TITANIUM     ! (24S,18P,6D) -> [4S,3P,1D]                        
 S   6
  1        10719.15049         0.9163596280E-02
  2        1965.344508         0.4936149294E-01
  3        549.8325692         0.1685383049    
  4        188.8823272         0.3705627997    
  5        73.34853490         0.4164915298    
  6        30.20897724         0.1303340841    
 L   6
  1        780.2650277        -0.1325278809E-01     0.3759696623E-02
  2        154.4348120        -0.4699171014E-01     0.3767936984E-01
  3        47.99822446        -0.3378537151E-01     0.1738967435    
  4        18.46664702         0.2502417861         0.4180364347    
  5        8.020077386         0.5951172526         0.4258595477    
  6        3.676188261         0.2407061763         0.1017082955    
 L   6
  1        32.31173000        -0.7943126362E-02    -0.7139358907E-02
  2        9.304133165        -0.7100264172E-01    -0.1829277070E-01
  3        3.659548520        -0.1785026925         0.7621621428E-01
  4        1.672538054         0.1510635058         0.4145098597    
  5       0.8323653382         0.7354914767         0.4889621471    
  6       0.4274712576         0.2760593123         0.1058816521    
 D   6
  1        9.857130992         0.6633434386E-02
  2        2.838351873         0.5958177963E-01
  3        1.116394855         0.2401949582    
  4       0.5102303926         0.4648114679    
  5       0.2539243232         0.3434092326    
  6       0.1304058985         0.5389056980E-01
 L   6
  1        3.945849940         0.3775056000E-02    -0.7052075000E-02
  2        1.269638557        -0.5585965000E-01    -0.5259505000E-01
  3       0.5424729410        -0.3192946000        -0.3773450000E-01
  4       0.2705118030        -0.2764780000E-01     0.3874773000    
  5       0.1460104007         0.9049199000         0.5791672000    
  6       0.8119033060E-01     0.3406258000         0.1221817000    
VANADIUM     ! (24S,18P,6D) -> [4S,3P,1D]                        
 S   6
  1        11727.11958         0.9163596280E-02
  2        2150.154537         0.4936149294E-01
  3        601.5357556         0.1685383049    
  4        206.6437671         0.3705627997    
  5        80.24582178         0.4164915298    
  6        33.04966087         0.1303340841    
 L   6
  1        868.7383606        -0.1325278809E-01     0.3759696623E-02
  2        171.9459935        -0.4699171014E-01     0.3767936984E-01
  3        53.44068663        -0.3378537151E-01     0.1738967435    
  4        20.56055839         0.2502417861         0.4180364347    
  5        8.929464520         0.5951172526         0.4258595477    
  6        4.093026920         0.2407061763         0.1017082955    
 L   6
  1        36.77692843        -0.7943126362E-02    -0.7139358907E-02
  2        10.58988298        -0.7100264172E-01    -0.1829277070E-01
  3        4.165266112        -0.1785026925         0.7621621428E-01
  4        1.903668182         0.1510635058         0.4145098597    
  5       0.9473909465         0.7354914767         0.4889621471    
  6       0.4865440459         0.2760593123         0.1058816521    
 D   6
  1        17.75512307         0.6633434386E-02
  2        5.112571484         0.5958177963E-01
  3        2.010902367         0.2401949582    
  4       0.9190507280         0.4648114679    
  5       0.4573803079         0.3434092326    
  6       0.2348931731         0.5389056980E-01
 L   6
  1        3.945849940         0.3775056000E-02    -0.7052075000E-02
  2        1.269638557        -0.5585965000E-01    -0.5259505000E-01
  3       0.5424729410        -0.3192946000        -0.3773450000E-01
  4       0.2705118030        -0.2764780000E-01     0.3874773000    
  5       0.1460104007         0.9049199000         0.5791672000    
  6       0.8119033060E-01     0.3406258000         0.1221817000    
CHROMIUM     ! (24S,18P,6D) -> [4S,3P,1D]                        
 S   6
  1        12780.37523         0.9163596280E-02
  2        2343.267809         0.4936149294E-01
  3        655.5618898         0.1685383049    
  4        225.2032023         0.3705627997    
  5        87.45299358         0.4164915298    
  6        36.01797222         0.1303340841    
 L   6
  1        961.9619397        -0.1325278809E-01     0.3759696623E-02
  2        190.3973727        -0.4699171014E-01     0.3767936984E-01
  3        59.17536153        -0.3378537151E-01     0.1738967435    
  4        22.76689453         0.2502417861         0.4180364347    
  5        9.887677808         0.5951172526         0.4258595477    
  6        4.532246179         0.2407061763         0.1017082955    
 L   6
  1        41.31830800        -0.7943126362E-02    -0.7139358907E-02
  2        11.89756908        -0.7100264172E-01    -0.1829277070E-01
  3        4.679611797        -0.1785026925         0.7621621428E-01
  4        2.138741641         0.1510635058         0.4145098597    
  5        1.064379017         0.7354914767         0.4889621471    
  6       0.5466246804         0.2760593123         0.1058816521    
 D   6
  1        25.40054323         0.6633434386E-02
  2        7.314063241         0.5958177963E-01
  3        2.876804194         0.2401949582    
  4        1.314797293         0.4648114679    
  5       0.6543299215         0.3434092326    
  6       0.3360390223         0.5389056980E-01
 L   6
  1        4.181372125         0.3775056000E-02    -0.7052075000E-02
  2        1.345421481        -0.5585965000E-01    -0.5259505000E-01
  3       0.5748523813        -0.3192946000        -0.3773450000E-01
  4       0.2866582688        -0.2764780000E-01     0.3874773000    
  5       0.1547255544         0.9049199000         0.5791672000    
  6       0.8603646625E-01     0.3406258000         0.1221817000    
MANGANESE    ! (24S,18P,6D) -> [4S,3P,1D]                        
 S   6
  1        13867.59465         0.9163596280E-02
  2        2542.608299         0.4936149294E-01
  3        711.3301755         0.1685383049    
  4        244.3611136         0.3705627997    
  5        94.89257116         0.4164915298    
  6        39.08200111         0.1303340841    
 L   6
  1        1057.846193        -0.1325278809E-01     0.3759696623E-02
  2        209.3753687        -0.4699171014E-01     0.3767936984E-01
  3        65.07370854        -0.3378537151E-01     0.1738967435    
  4        25.03620123         0.2502417861         0.4180364347    
  5        10.87323925         0.5951172526         0.4258595477    
  6        4.984001099         0.2407061763         0.1017082955    
 L   6
  1        46.12400067        -0.7943126362E-02    -0.7139358907E-02
  2        13.28136390        -0.7100264172E-01    -0.1829277070E-01
  3        5.223892945        -0.1785026925         0.7621621428E-01
  4        2.387496625         0.1510635058         0.4145098597    
  5        1.188175917         0.7354914767         0.4889621471    
  6       0.6102020713         0.2760593123         0.1058816521    
 D   6
  1        32.49986195         0.6633434386E-02
  2        9.358305588         0.5958177963E-01
  3        3.680855890         0.2401949582    
  4        1.682276246         0.4648114679    
  5       0.8372117055         0.3434092326    
  6       0.4299601680         0.5389056980E-01
 L   6
  1        3.717154485         0.3775056000E-02    -0.7052075000E-02
  2        1.196052239        -0.5585965000E-01    -0.5259505000E-01
  3       0.5110320352        -0.3192946000        -0.3773450000E-01
  4       0.2548333507        -0.2764780000E-01     0.3874773000    
  5       0.1375478602         0.9049199000         0.5791672000    
  6       0.7648466265E-01     0.3406258000         0.1221817000    
IRON         ! (24S,18P,6D) -> [4S,3P,1D]                        
 S   6
  1        15010.96599         0.9163596280E-02
  2        2752.244183         0.4936149294E-01
  3        769.9787412         0.1685383049    
  4        264.5084788         0.3705627997    
  5        102.7163826         0.4164915298    
  6        42.30427873         0.1303340841    
 L   6
  1        1160.471300        -0.1325278809E-01     0.3759696623E-02
  2        229.6875558        -0.4699171014E-01     0.3767936984E-01
  3        71.38672115        -0.3378537151E-01     0.1738967435    
  4        27.46504472         0.2502417861         0.4180364347    
  5        11.92808764         0.5951172526         0.4258595477    
  6        5.467515293         0.2407061763         0.1017082955    
 L   6
  1        51.19400644        -0.7943126362E-02    -0.7139358907E-02
  2        14.74126743        -0.7100264172E-01    -0.1829277070E-01
  3        5.798109557        -0.1785026925         0.7621621428E-01
  4        2.649933133         0.1510635058         0.4145098597    
  5        1.318781646         0.7354914767         0.4889621471    
  6       0.6772762188         0.2760593123         0.1058816521    
 D   6
  1        38.39775750         0.6633434386E-02
  2        11.05659923         0.5958177963E-01
  3        4.348837299         0.2401949582    
  4        1.987566453         0.4648114679    
  5       0.9891442645         0.3434092326    
  6       0.5079869660         0.5389056980E-01
 L   6
  1        3.280243765         0.3775056000E-02    -0.7052075000E-02
  2        1.055469423        -0.5585965000E-01    -0.5259505000E-01
  3       0.4509658273        -0.3192946000        -0.3773450000E-01
  4       0.2248804868        -0.2764780000E-01     0.3874773000    
  5       0.1213806186         0.9049199000         0.5791672000    
  6       0.6749472985E-01     0.3406258000         0.1221817000    
COBALT       ! (24S,18P,6D) -> [4S,3P,1D]                        
 S   6
  1        16150.71939         0.9163596280E-02
  2        2961.216722         0.4936149294E-01
  3        828.4417269         0.1685383049    
  4        284.5920923         0.3705627997    
  5        110.5154375         0.4164915298    
  6        45.51636020         0.1303340841    
 L   6
  1        1263.277841        -0.1325278809E-01     0.3759696623E-02
  2        250.0356532        -0.4699171014E-01     0.3767936984E-01
  3        77.71089465        -0.3378537151E-01     0.1738967435    
  4        29.89818223         0.2502417861         0.4180364347    
  5        12.98480091         0.5951172526         0.4258595477    
  6        5.951884302         0.2407061763         0.1017082955    
 L   6
  1        56.77707451        -0.7943126362E-02    -0.7139358907E-02
  2        16.34890679        -0.7100264172E-01    -0.1829277070E-01
  3        6.430434366        -0.1785026925         0.7621621428E-01
  4        2.938927062         0.1510635058         0.4145098597    
  5        1.462604102         0.7354914767         0.4889621471    
  6       0.7511379752         0.2760593123         0.1058816521    
 D   6
  1        45.89982603         0.6633434386E-02
  2        13.21681302         0.5958177963E-01
  3        5.198503467         0.2401949582    
  4        2.375892770         0.4648114679    
  5        1.182401073         0.3434092326    
  6       0.6072363305         0.5389056980E-01
 L   6
  1        3.280243765         0.3775056000E-02    -0.7052075000E-02
  2        1.055469423        -0.5585965000E-01    -0.5259505000E-01
  3       0.4509658273        -0.3192946000        -0.3773450000E-01
  4       0.2248804868        -0.2764780000E-01     0.3874773000    
  5       0.1213806186         0.9049199000         0.5791672000    
  6       0.6749472985E-01     0.3406258000         0.1221817000    
NICKEL       ! (24S,18P,6D) -> [4S,3P,1D]                        
 S   6
  1        17420.87786         0.9163596280E-02
  2        3194.098886         0.4936149294E-01
  3        893.5937642         0.1685383049    
  4        306.9735755         0.3705627997    
  5        119.2068223         0.4164915298    
  6        49.09595247         0.1303340841    
 L   6
  1        1377.587853        -0.1325278809E-01     0.3759696623E-02
  2        272.6605878        -0.4699171014E-01     0.3767936984E-01
  3        84.74270746        -0.3378537151E-01     0.1738967435    
  4        32.60357407         0.2502417861         0.4180364347    
  5        14.15975444         0.5951172526         0.4258595477    
  6        6.490451468         0.2407061763         0.1017082955    
 L   6
  1        61.86673993        -0.7943126362E-02    -0.7139358907E-02
  2        17.81447130        -0.7100264172E-01    -0.1829277070E-01
  3        7.006877582        -0.1785026925         0.7621621428E-01
  4        3.202381203         0.1510635058         0.4145098597    
  5        1.593716273         0.7354914767         0.4889621471    
  6       0.8184722119         0.2760593123         0.1058816521    
 D   6
  1        51.66802249         0.6633434386E-02
  2        14.87775992         0.5958177963E-01
  3        5.851795470         0.2401949582    
  4        2.674469420         0.4648114679    
  5        1.330992522         0.3434092326    
  6       0.6835472614         0.5389056980E-01
 L   6
  1        3.495285760         0.3775056000E-02    -0.7052075000E-02
  2        1.124662528        -0.5585965000E-01    -0.5259505000E-01
  3       0.4805296640        -0.3192946000        -0.3773450000E-01
  4       0.2396229120        -0.2764780000E-01     0.3874773000    
  5       0.1293379328         0.9049199000         0.5791672000    
  6       0.7191946240E-01     0.3406258000         0.1221817000    
COPPER       ! (24S,18P,6D) -> [4S,3P,1D]                        
 S   6
  1        18686.50813         0.9163596280E-02
  2        3426.150811         0.4936149294E-01
  3        958.5135305         0.1685383049    
  4        329.2752674         0.3705627997    
  5        127.8672219         0.4164915298    
  6        52.66278326         0.1303340841    
 L   6
  1        1494.364736        -0.1325278809E-01     0.3759696623E-02
  2        295.7737804        -0.4699171014E-01     0.3767936984E-01
  3        91.92627051        -0.3378537151E-01     0.1738967435    
  4        35.36734970         0.2502417861         0.4180364347    
  5        15.36006408         0.5951172526         0.4258595477    
  6        7.040641197         0.2407061763         0.1017082955    
 L   6
  1        67.71767076        -0.7943126362E-02    -0.7139358907E-02
  2        19.49924150        -0.7100264172E-01    -0.1829277070E-01
  3        7.669539880        -0.1785026925         0.7621621428E-01
  4        3.505240396         0.1510635058         0.4145098597    
  5        1.744438999         0.7354914767         0.4889621471    
  6       0.8958776854         0.2760593123         0.1058816521    
 D   6
  1        57.77753235         0.6633434386E-02
  2        16.63698771         0.5958177963E-01
  3        6.543743805         0.2401949582    
  4        2.990713326         0.4648114679    
  5        1.488376365         0.3434092326    
  6       0.7643736320         0.5389056980E-01
 L   6
  1        3.495285760         0.3775056000E-02    -0.7052075000E-02
  2        1.124662528        -0.5585965000E-01    -0.5259505000E-01
  3       0.4805296640        -0.3192946000        -0.3773450000E-01
  4       0.2396229120        -0.2764780000E-01     0.3874773000    
  5       0.1293379328         0.9049199000         0.5791672000    
  6       0.7191946240E-01     0.3406258000         0.1221817000    
ZINC         ! (24S,18P,6D) -> [4S,3P,1D]                        
 S   6
  1        20010.11084         0.9163596280E-02
  2        3668.831918         0.4936149294E-01
  3        1026.406959         0.1685383049    
  4        352.5984925         0.3705627997    
  5        136.9243127         0.4164915298    
  6        56.39299342         0.1303340841    
 L   6
  1        1615.891864        -0.1325278809E-01     0.3759696623E-02
  2        319.8271707        -0.4699171014E-01     0.3767936984E-01
  3        99.40204628        -0.3378537151E-01     0.1738967435    
  4        38.24355010         0.2502417861         0.4180364347    
  5        16.60919987         0.5951172526         0.4258595477    
  6        7.613211526         0.2407061763         0.1017082955    
 L   6
  1        73.54921499        -0.7943126362E-02    -0.7139358907E-02
  2        21.17842933        -0.7100264172E-01    -0.1829277070E-01
  3        8.330006498        -0.1785026925         0.7621621428E-01
  4        3.807096088         0.1510635058         0.4145098597    
  5        1.894662316         0.7354914767         0.4889621471    
  6       0.9730266819         0.2760593123         0.1058816521    
 D   6
  1        65.55947787         0.6633434386E-02
  2        18.87779182         0.5958177963E-01
  3        7.425108164         0.2401949582    
  4        3.393526794         0.4648114679    
  5        1.688842936         0.3434092326    
  6       0.8673256571         0.5389056980E-01
 L   6
  1        4.928899060         0.3775056000E-02    -0.7052075000E-02
  2        1.585949893        -0.5585965000E-01    -0.5259505000E-01
  3       0.6776219090        -0.3192946000        -0.3773450000E-01
  4       0.3379057470        -0.2764780000E-01     0.3874773000    
  5       0.1823866943         0.9049199000         0.5791672000    
  6       0.1014176794         0.3406258000         0.1221817000    
GALLIUM      ! (24S,18P,6D) -> [4S,3P,1D]                        
 S   6
  1        21379.00011         0.9163596280E-02
  2        3919.816268         0.4936149294E-01
  3        1096.623335         0.1685383049    
  4        376.7197129         0.3705627997    
  5        146.2912884         0.4164915298    
  6        60.25083131         0.1303340841    
 L   6
  1        1739.490009        -0.1325278809E-01     0.3759696623E-02
  2        344.2904693        -0.4699171014E-01     0.3767936984E-01
  3        107.0052212        -0.3378537151E-01     0.1738967435    
  4        41.16876556         0.2502417861         0.4180364347    
  5        17.87962294         0.5951172526         0.4258595477    
  6        8.195539368         0.2407061763         0.1017082955    
 L   6
  1        75.54658101        -0.7943126362E-02    -0.7139358907E-02
  2        21.75356905        -0.7100264172E-01    -0.1829277070E-01
  3        8.556223350        -0.1785026925         0.7621621428E-01
  4        3.910484878         0.1510635058         0.4145098597    
  5        1.946115403         0.7354914767         0.4889621471    
  6       0.9994510350         0.2760593123         0.1058816521    
 D   6
  1        75.54658101         0.6633434386E-02
  2        21.75356905         0.5958177963E-01
  3        8.556223350         0.2401949582    
  4        3.910484878         0.4648114679    
  5        1.946115403         0.3434092326    
  6       0.9994510350         0.5389056980E-01
 L   6
  1        4.423721040         0.3775056000E-02    -0.7052075000E-02
  2        1.423401012        -0.5585965000E-01    -0.5259505000E-01
  3       0.6081703560        -0.3192946000        -0.3773450000E-01
  4       0.3032727480        -0.2764780000E-01     0.3874773000    
  5       0.1636933212         0.9049199000         0.5791672000    
  6       0.9102306960E-01     0.3406258000         0.1221817000    
GERMANIUM    ! (24S,18P,6D) -> [4S,3P,1D]                        
 S   6
  1        22778.66493         0.9163596280E-02
  2        4176.443280         0.4936149294E-01
  3        1168.418325         0.1685383049    
  4        401.3832297         0.3705627997    
  5        155.8688538         0.4164915298    
  6        64.19540160         0.1303340841    
 L   6
  1        1870.418666        -0.1325278809E-01     0.3759696623E-02
  2        370.2046675        -0.4699171014E-01     0.3767936984E-01
  3        115.0593347        -0.3378537151E-01     0.1738967435    
  4        44.26747332         0.2502417861         0.4180364347    
  5        19.22539383         0.5951172526         0.4258595477    
  6        8.812404632         0.2407061763         0.1017082955    
 L   6
  1        85.01816438        -0.7943126362E-02    -0.7139358907E-02
  2        24.48090284        -0.7100264172E-01    -0.1829277070E-01
  3        9.628952013        -0.1785026925         0.7621621428E-01
  4        4.400758337         0.1510635058         0.4145098597    
  5        2.190107838         0.7354914767         0.4889621471    
  6        1.124756293         0.2760593123         0.1058816521    
 D   6
  1        85.01816438         0.6633434386E-02
  2        24.48090284         0.5958177963E-01
  3        9.628952013         0.2401949582    
  4        4.400758337         0.4648114679    
  5        2.190107838         0.3434092326    
  6        1.124756293         0.5389056980E-01
 L   6
  1        5.461384000         0.3775056000E-02    -0.7052075000E-02
  2        1.757285200        -0.5585965000E-01    -0.5259505000E-01
  3       0.7508276000        -0.3192946000        -0.3773450000E-01
  4       0.3744108000        -0.2764780000E-01     0.3874773000    
  5       0.2020905200         0.9049199000         0.5791672000    
  6       0.1123741600         0.3406258000         0.1221817000    
ARSENIC      ! (24S,18P,6D) -> [4S,3P,1D]                        
 S   6
  1        24237.66988         0.9163596280E-02
  2        4443.950241         0.4936149294E-01
  3        1243.257133         0.1685383049    
  4        427.0923800         0.3705627997    
  5        165.8524692         0.4164915298    
  6        68.30720576         0.1303340841    
 L   6
  1        2003.222475        -0.1325278809E-01     0.3759696623E-02
  2        396.4900070        -0.4699171014E-01     0.3767936984E-01
  3        123.2287987        -0.3378537151E-01     0.1738967435    
  4        47.41056057         0.2502417861         0.4180364347    
  5        20.59043876         0.5951172526         0.4258595477    
  6        9.438104600         0.2407061763         0.1017082955    
 L   6
  1        95.04895563        -0.7943126362E-02    -0.7139358907E-02
  2        27.36926003        -0.7100264172E-01    -0.1829277070E-01
  3        10.76501521        -0.1785026925         0.7621621428E-01
  4        4.919977830         0.1510635058         0.4145098597    
  5        2.448505731         0.7354914767         0.4889621471    
  6        1.257459647         0.2760593123         0.1058816521    
 D   6
  1        95.04895563         0.6633434386E-02
  2        27.36926003         0.5958177963E-01
  3        10.76501521         0.2401949582    
  4        4.919977830         0.4648114679    
  5        2.448505731         0.3434092326    
  6        1.257459647         0.5389056980E-01
 L   6
  1        6.136411062         0.3775056000E-02    -0.7052075000E-02
  2        1.974485651        -0.5585965000E-01    -0.5259505000E-01
  3       0.8436298914        -0.3192946000        -0.3773450000E-01
  4       0.4206879749        -0.2764780000E-01     0.3874773000    
  5       0.2270689083         0.9049199000         0.5791672000    
  6       0.1262636062         0.3406258000         0.1221817000    
SELENIUM     ! (24S,18P,6D) -> [4S,3P,1D]                        
 S   6
  1        25726.54013         0.9163596280E-02
  2        4716.932971         0.4936149294E-01
  3        1319.627864         0.1685383049    
  4        453.3277871         0.3705627997    
  5        176.0404454         0.4164915298    
  6        72.50317701         0.1303340841    
 L   6
  1        2137.610730        -0.1325278809E-01     0.3759696623E-02
  2        423.0889499        -0.4699171014E-01     0.3767936984E-01
  3        131.4957303        -0.3378537151E-01     0.1738967435    
  4        50.59114713         0.2502417861         0.4180364347    
  5        21.97176968         0.5951172526         0.4258595477    
  6        10.07126962         0.2407061763         0.1017082955    
 L   6
  1        105.6389548        -0.7943126362E-02    -0.7139358907E-02
  2        30.41864061        -0.7100264172E-01    -0.1829277070E-01
  3        11.96441294        -0.1785026925         0.7621621428E-01
  4        5.468143358         0.1510635058         0.4145098597    
  5        2.721309082         0.7354914767         0.4889621471    
  6        1.397561098         0.2760593123         0.1058816521    
 D   6
  1        105.6389548         0.6633434386E-02
  2        30.41864061         0.5958177963E-01
  3        11.96441294         0.2401949582    
  4        5.468143358         0.4648114679    
  5        2.721309082         0.3434092326    
  6        1.397561098         0.5389056980E-01
 L   6
  1        6.728971226         0.3775056000E-02    -0.7052075000E-02
  2        2.165151095        -0.5585965000E-01    -0.5259505000E-01
  3       0.9250946860        -0.3192946000        -0.3773450000E-01
  4       0.4613115467        -0.2764780000E-01     0.3874773000    
  5       0.2489957297         0.9049199000         0.5791672000    
  6       0.1384562025         0.3406258000         0.1221817000    
BROMINE      ! (24S,18P,6D) -> [4S,3P,1D]                        
 S   6
  1        27275.66077         0.9163596280E-02
  2        5000.962544         0.4936149294E-01
  3        1399.089103         0.1685383049    
  4        480.6248674         0.3705627997    
  5        186.6407005         0.4164915298    
  6        76.86894743         0.1303340841    
 L   6
  1        2279.426398        -0.1325278809E-01     0.3759696623E-02
  2        451.1579717        -0.4699171014E-01     0.3767936984E-01
  3        140.2195613        -0.3378537151E-01     0.1738967435    
  4        53.94751939         0.2502417861         0.4180364347    
  5        23.42944444         0.5951172526         0.4258595477    
  6        10.73942862         0.2407061763         0.1017082955    
 L   6
  1        116.7881618        -0.7943126362E-02    -0.7139358907E-02
  2        33.62904459        -0.7100264172E-01    -0.1829277070E-01
  3        13.22714520        -0.1785026925         0.7621621428E-01
  4        6.045254920         0.1510635058         0.4145098597    
  5        3.008517890         0.7354914767         0.4889621471    
  6        1.545060645         0.2760593123         0.1058816521    
 D   6
  1        116.7881618         0.6633434386E-02
  2        33.62904459         0.5958177963E-01
  3        13.22714520         0.2401949582    
  4        6.045254920         0.4648114679    
  5        3.008517890         0.3434092326    
  6        1.545060645         0.5389056980E-01
 L   6
  1        7.733865882         0.3775056000E-02    -0.7052075000E-02
  2        2.488491572        -0.5585965000E-01    -0.5259505000E-01
  3        1.063246964        -0.3192946000        -0.3773450000E-01
  4       0.5302031339        -0.2764780000E-01     0.3874773000    
  5       0.2861803854         0.9049199000         0.5791672000    
  6       0.1591330480         0.3406258000         0.1221817000    
KRYPTON      ! (24S,18P,6D) -> [4S,3P,1D]                        
 S   6
  1        28853.73644         0.9163596280E-02
  2        5290.300991         0.4936149294E-01
  3        1480.035573         0.1685383049    
  4        508.4321647         0.3705627997    
  5        197.4390878         0.4164915298    
  6        81.31631964         0.1303340841    
 L   6
  1        2425.796448        -0.1325278809E-01     0.3759696623E-02
  2        480.1284244        -0.4699171014E-01     0.3767936984E-01
  3        149.2235564        -0.3378537151E-01     0.1738967435    
  4        57.41168085         0.2502417861         0.4180364347    
  5        24.93393212         0.5951172526         0.4258595477    
  6        11.42904540         0.2407061763         0.1017082955    
 L   6
  1        128.4965766        -0.7943126362E-02    -0.7139358907E-02
  2        37.00047197        -0.7100264172E-01    -0.1829277070E-01
  3        14.55321200        -0.1785026925         0.7621621428E-01
  4        6.651312517         0.1510635058         0.4145098597    
  5        3.310132155         0.7354914767         0.4889621471    
  6        1.699958288         0.2760593123         0.1058816521    
 D   6
  1        128.4965766         0.6633434386E-02
  2        37.00047197         0.5958177963E-01
  3        14.55321200         0.2401949582    
  4        6.651312517         0.4648114679    
  5        3.310132155         0.3434092326    
  6        1.699958288         0.5389056980E-01
 L   6
  1        8.808666254         0.3775056000E-02    -0.7052075000E-02
  2        2.834325299        -0.5585965000E-01    -0.5259505000E-01
  3        1.211009836        -0.3192946000        -0.3773450000E-01
  4       0.6038871793        -0.2764780000E-01     0.3874773000    
  5       0.3259517997         0.9049199000         0.5791672000    
  6       0.1812482827         0.3406258000         0.1221817000    

------------------------------------------------------------------------

    * Descriptive Information about STO-6G <javascript:void(0)>
    * Graphical Representation </images/cce/text_basissets/STO-6G.p2.gif>
