
  EMSL Basis Set Library
  Generated Wed Feb 21 08:52:46 PST 2007

!
! BASIS="DZVP (DFT Orbital)"
!N. Godbout, D. R. Salahub, J. Andzelm, and E. Wimmer, Can. J. Chem. 70, 560    
! (1992)
!
HYDROGEN     ! (5s) -> [2s]                                      
 S   4
  1        50.99917800         0.9660500000E-02
  2        7.483218100         0.7372890000E-01
  3        1.777467600         0.2958581000    
  4       0.5193295000         0.7159053000    
 S   1
  1       0.1541100000          1.000000000    
HELIUM       ! (6s) -> [2s]                                      
 S   5
  1        221.3880300         0.2749100000E-02
  2        33.26196600         0.2086580000E-01
  3        7.561654900         0.9705880000E-01
  4        2.085599000         0.2807289000    
  5       0.6143392000         0.4742218000    
 S   1
  1       0.1829212000          1.000000000    
LITHIUM      ! (9s,1p,1d) -> [3s,1p,1d]                          
 S   6
  1        605.7053900        -0.2287000000E-02
  2        90.86090700        -0.1745280000E-01
  3        20.63127100        -0.8369700000E-01
  4        5.738446200        -0.2597485000    
  5        1.751526100        -0.4794613000    
  6       0.5463901000        -0.3233006000    
 S   2
  1       0.8427233000         0.7486090000E-01
  2       0.6744830000E-01    -0.6546490000    
 S   1
  1       0.2537330000E-01      1.000000000    
 P   1
  1       0.7730000000E-01      1.000000000    
 D   1
  1       0.1220000000          1.000000000    
BERYLLIUM    ! (9s,1p,1d) -> [3s,1p,1d]                          
 S   6
  1        1203.414100         0.2050400000E-02
  2        180.2457100         0.1570780000E-01
  3        40.80005400         0.7683150000E-01
  4        11.33653800         0.2480252000    
  5        3.503483000         0.4798452000    
  6        1.109121600         0.3371459000    
 S   2
  1        1.959342000        -0.7504550000E-01
  2       0.1652013000         0.5813557000    
 S   1
  1       0.5522080000E-01      1.000000000    
 P   1
  1       0.1665000000          1.000000000    
 D   1
  1       0.2780000000          1.000000000    
BORON        ! (9s,5p,1d) -> [3s,2p,1d]                          
 S   6
  1        1915.166600        -0.2039500000E-02
  2        287.1831100        -0.1559660000E-01
  3        65.15717600        -0.7624420000E-01
  4        18.19582700        -0.2479244000    
  5        5.701537900        -0.4790823000    
  6        1.843837500        -0.3352953000    
 S   2
  1        3.491430400         0.7742240000E-01
  2       0.3050560000        -0.5741239000    
 S   1
  1       0.9648650000E-01      1.000000000    
 P   4
  1        11.68741700         0.1508610000E-01
  2        2.630775500         0.8881570000E-01
  3       0.7442269000         0.2903682000    
  4       0.2304761000         0.4994433000    
 P   1
  1       0.6993800000E-01      1.000000000    
 D   1
  1       0.4000000000          1.000000000    
CARBON       ! (9s,5p,1d) -> [3s,2p,1d]                          
 S   6
  1        2808.064500         0.2017800000E-02
  2        421.1382800         0.1543320000E-01
  3        95.58661600         0.7558150000E-01
  4        26.73900400         0.2478282000    
  5        8.432826800         0.4793725000    
  6        2.760582100         0.3338344000    
 S   2
  1        5.447004500        -0.7784080000E-01
  2       0.4792422000         0.5689560000    
 S   1
  1       0.1461565000          1.000000000    
 P   4
  1        18.13085200         0.1585470000E-01
  2        4.099883200         0.9568280000E-01
  3        1.185837000         0.3049119000    
  4       0.3685974000         0.4935016000    
 P   1
  1       0.1097200000          1.000000000    
 D   1
  1       0.6000000000          1.000000000    
NITROGEN     ! (9s,5p,1d) -> [3s,2p,1d]                          
 S   6
  1        3845.414900         0.2018600000E-02
  2        577.5332300         0.1540780000E-01
  3        131.3198300         0.7537140000E-01
  4        36.82378100         0.2482122000    
  5        11.67011500         0.4798274000    
  6        3.854260400         0.3318012000    
 S   2
  1        7.829561100        -0.7766690000E-01
  2       0.6877351000         0.5654598000    
 S   1
  1       0.2040388000          1.000000000    
 P   4
  1        26.80984100         0.1546630000E-01
  2        6.068154000         0.9643970000E-01
  3        1.767625600         0.3083610000    
  4       0.5466727000         0.4911597000    
 P   1
  1       0.1587289000          1.000000000    
 D   1
  1       0.7000000000          1.000000000    
OXYGEN       ! (9s,5p,1d) -> [3s,2p,1d]                          
 S   6
  1        5222.902200        -0.1936400000E-02
  2        782.5399400        -0.1485070000E-01
  3        177.2674300        -0.7331870000E-01
  4        49.51668800        -0.2451162000    
  5        15.66644000        -0.4802847000    
  6        5.179359900        -0.3359427000    
 S   2
  1        10.60144100         0.7880580000E-01
  2       0.9423170000        -0.5676952000    
 S   1
  1       0.2774746000          1.000000000    
 P   4
  1        33.42412600         0.1756030000E-01
  2        7.622171400         0.1076300000    
  3        2.238209300         0.3235256000    
  4       0.6867300000         0.4832229000    
 P   1
  1       0.1938135000          1.000000000    
 D   1
  1       0.8000000000          1.000000000    
FLUORINE     ! (9s,5p,1d) -> [3s,2p,1d]                          
 S   6
  1        6384.714400        -0.2030200000E-02
  2        958.8865200        -0.1549810000E-01
  3        218.1901000        -0.7577870000E-01
  4        61.36473100        -0.2502723000    
  5        19.60289600        -0.4801087000    
  6        6.564883400        -0.3271614000    
 S   2
  1        13.81069400         0.7907070000E-01
  2        1.229866500        -0.5681216000    
 S   1
  1       0.3584713000          1.000000000    
 P   4
  1        42.46991100         0.1831704100E-01
  2        9.713881100         0.1124512900    
  3        2.864038600         0.3297770500    
  4       0.8746054400         0.4799771900    
 P   1
  1       0.2425070600          1.000000000    
 D   1
  1        1.000000000          1.000000000    
NEON         ! (9s,5p,1d) -> [3s,2p,1d]                          
 S   6
  1        7883.826100         0.2037500000E-02
  2        1184.405500         0.1554680000E-01
  3        269.6730900         0.7596380000E-01
  4        75.94165200         0.2511027000    
  5        24.32109500         0.4804765000    
  6        8.183255900         0.3251142000    
 S   2
  1        17.44952400        -0.7901000000E-01
  2        1.551631600         0.5676274000    
 S   1
  1       0.4476985000          1.000000000    
 P   4
  1        52.90380800         0.1879110000E-01
  2        12.12336100         0.1157605000    
  3        3.585922500         0.3342627000    
  4        1.092163400         0.4778038000    
 P   1
  1       0.2994419000          1.000000000    
 D   1
  1        1.200000000          1.000000000    
SODIUM       ! (12s,6p,1d) -> [4s,3p,1d]                         
 S   6
  1        9911.996000         0.1950500000E-02
  2        1487.455500         0.1491710000E-01
  3        337.9538500         0.7341660000E-01
  4        94.91394500         0.2456910000    
  5        30.34149900         0.4795611000    
  6        10.19083900         0.3337212000    
 S   3
  1        21.22964800         0.8230290000E-01
  2        1.980417600        -0.5608480000    
  3       0.6188824000        -0.5224378000    
 S   2
  1       0.6991738000         0.9209750000E-01
  2       0.6182700000E-01    -0.6708252000    
 S   1
  1       0.2372740000E-01      1.000000000    
 P   4
  1        73.08531500         0.1671760000E-01
  2        16.86456300         0.1065395000    
  3        5.055391300         0.3242217000    
  4        1.592020700         0.4891363000    
 P   1
  1       0.4702690000          1.000000000    
 P   1
  1       0.6470000000E-01      1.000000000    
 D   1
  1       0.1169000000          1.000000000    
MAGNESIUM    ! (12s,6p,1d) -> [4s,3p,1d]                         
 S   6
  1        12436.67500        -0.1833300000E-02
  2        1862.223200        -0.1408280000E-01
  3        421.3745200        -0.7009560000E-01
  4        117.6930400        -0.2387718000    
  5        37.43145300        -0.4787377000    
  6        12.50548900        -0.3447773000    
 S   3
  1        25.45140000         0.8521400000E-01
  2        2.452876500        -0.5646916000    
  3       0.8051334000        -0.5157275000    
 S   2
  1        1.082007600        -0.1113334000    
  2       0.1083340000         0.6481452000    
 S   1
  1       0.3990740000E-01      1.000000000    
 P   4
  1        92.46322200         0.1627160000E-01
  2        21.50176900         0.1045630000    
  3        6.537442300         0.3224328000    
  4        2.118080800         0.4940399000    
 P   1
  1       0.6583148000          1.000000000    
 P   1
  1       0.1061000000          1.000000000    
 D   1
  1       0.1870000000          1.000000000    
ALUMINUM     ! (12s, 8p,1d) -> [4s,3p,1d]                        
 S   6
  1        14724.45100         0.1818200000E-02
  2        2205.463400         0.1395810000E-01
  3        499.3020700         0.6950090000E-01
  4        139.5901400         0.2371062000    
  5        44.49227700         0.4776104000    
  6        14.90569100         0.3476339000    
 S   3
  1        30.07506500        -0.8788510000E-01
  2        2.983832800         0.5677371000    
  3        1.020989900         0.5105008000    
 S   2
  1        1.492779200         0.1341424000    
  2       0.1692291000        -0.6656758000    
 S   1
  1       0.6174490000E-01      1.000000000    
 P   5
  1        127.9161300         0.1330240000E-01
  2        29.77677800         0.8967100000E-01
  3        9.091738400         0.2981308000    
  4        3.000986500         0.4962628000    
  5       0.9695584000         0.3301450000    
 P   2
  1       0.3756001000         0.2050982000    
  2       0.1250989000         0.5518102000    
 P   1
  1       0.4173980000E-01      1.000000000    
 D   1
  1       0.3000000000          1.000000000    
SILICON      ! (12s, 8p,1d) -> [4s,3p,1d]                        
 S   6
  1        17268.57700        -0.1797400000E-02
  2        2586.650900        -0.1379700000E-01
  3        585.6364100        -0.6878070000E-01
  4        163.7736400        -0.2352508000    
  5        52.26702800        -0.4766194000    
  6        17.54168100        -0.3507726000    
 S   3
  1        35.12413900         0.9021370000E-01
  2        3.565422700        -0.5722548000    
  3        1.259147400        -0.5045537000    
 S   2
  1        1.947014400        -0.1508352000    
  2       0.2367573000         0.6745594000    
 S   1
  1       0.8589660000E-01      1.000000000    
 P   5
  1        159.6817400        -0.1239320000E-01
  2        37.25817200        -0.8508000000E-01
  3        11.43825300        -0.2905513000    
  4        3.827833600        -0.4985588000    
  5        1.267900300        -0.3325624000    
 P   2
  1       0.5344095000        -0.2264369000    
  2       0.1829031000        -0.5553035000    
 P   1
  1       0.6178730000E-01      1.000000000    
 D   1
  1       0.4500000000          1.000000000    
PHOSPHORUS   ! (12s, 8p,1d) -> [4s,3p,1d]                        
 S   6
  1        20024.93600        -0.1778700000E-02
  2        2999.441000        -0.1365410000E-01
  3        679.0868000        -0.6814420000E-01
  4        189.9438900        -0.2336137000    
  5        60.68347700        -0.4757401000    
  6        20.39822500        -0.3535470000    
 S   3
  1        40.59416300        -0.9224270000E-01
  2        4.197219600         0.5774677000    
  3        1.519295500         0.4983773000    
 S   2
  1        2.445858700         0.1631695000    
  2       0.3116158000        -0.6787174000    
 S   1
  1       0.1120101000          1.000000000    
 P   5
  1        195.3993700        -0.1162980000E-01
  2        45.66674900        -0.8114130000E-01
  3        14.07306700        -0.2837706000    
  4        4.757242700        -0.5004074000    
  5        1.603506500        -0.3357758000    
 P   2
  1       0.7039432000        -0.2471697000    
  2       0.2451145000        -0.5552025000    
 P   1
  1       0.8313240000E-01      1.000000000    
 D   1
  1       0.5500000000          1.000000000    
SULFUR       ! (12s, 8p,1d) -> [4s,3p,1d]                        
 S   6
  1        23050.06700        -0.1756700000E-02
  2        3451.866300        -0.1348940000E-01
  3        781.2786700        -0.6743250000E-01
  4        218.4765300        -0.2318604000    
  5        69.83263200        -0.4749416000    
  6        23.49479800        -0.3564992000    
 S   3
  1        46.48237700        -0.9404220000E-01
  2        4.880748800         0.5828881000    
  3        1.801475800         0.4923262000    
 S   2
  1        2.977803900         0.1731553000    
  2       0.3942510000        -0.6854363000    
 S   1
  1       0.1417028000          1.000000000    
 P   5
  1        231.3312600         0.1127890000E-01
  2        54.14616400         0.7942570000E-01
  3        16.75761800         0.2808799000    
  4        5.719319700         0.5020190000    
  5        1.956035100         0.3344146000    
 P   2
  1       0.8955912000         0.2646811000    
  2       0.3094227000         0.5496127000    
 P   1
  1       0.1021157000          1.000000000    
 D   1
  1       0.6500000000          1.000000000    
CHLORINE     ! (12s, 8p,1d) -> [4s,3p,1d]                        
 S   6
  1        26351.45800         0.1732400000E-02
  2        3945.056700         0.1331090000E-01
  3        892.4383500         0.6667480000E-01
  4        249.4174300         0.2300506000    
  5        79.72157200         0.4742307000    
  6        26.83114500         0.3595240000    
 S   3
  1        52.78530100        -0.9562960000E-01
  2        5.615642900         0.5880840000    
  3        2.105907600         0.4866982000    
 S   2
  1        3.558614900         0.1806891000    
  2       0.4847981000        -0.6884829000    
 S   1
  1       0.1733310000          1.000000000    
 P   5
  1        271.0782100        -0.1092570000E-01
  2        63.54720800        -0.7759090000E-01
  3        19.73710900        -0.2775159000    
  4        6.788993700        -0.5031933000    
  5        2.348030300        -0.3348426000    
 P   2
  1        1.106686400        -0.2765381000    
  2       0.3829680000        -0.5466768000    
 P   1
  1       0.1251133000          1.000000000    
 D   1
  1       0.7500000000          1.000000000    
ARGON        ! (12s, 8p,1d) -> [4s,3p,1d]                        
 S   6
  1        29505.77400        -0.1737500000E-02
  2        4419.216200        -0.1333810000E-01
  3        1000.577000        -0.6672490000E-01
  4        280.0379800        -0.2298887000    
  5        89.71208200        -0.4735744000    
  6        30.27987800        -0.3599160000    
 S   3
  1        59.51440600         0.9702570000E-01
  2        6.399777900        -0.5933987000    
  3        2.431470900        -0.4810805000    
 S   2
  1        4.187535700        -0.1864000000    
  2       0.5832562000         0.6895689000    
 S   1
  1       0.2071081000          1.000000000    
 P   5
  1        313.0217600         0.1067530000E-01
  2        73.48723100         0.7630950000E-01
  3        22.89798800         0.2751270000    
  4        7.932214800         0.5040719000    
  5        2.770269600         0.3346271000    
 P   2
  1        1.331895300         0.2877000000    
  2       0.4618615000         0.5447527000    
 P   1
  1       0.1502194000          1.000000000    
 D   1
  1       0.8500000000          1.000000000    
POTASSIUM    ! (15s,9p,1d) -> [5s,4p,1d]                         
 S   6
  1        33078.64800         0.1726700000E-02
  2        4954.902400         0.1325140000E-01
  3        1122.130800         0.6631420000E-01
  4        314.2080700         0.2286724000    
  5        100.7762900         0.4726698000    
  6        34.06134800         0.3621416000    
 S   3
  1        66.60293100        -0.9845070000E-01
  2        7.264456300         0.5941619000    
  3        2.803678700         0.4799139000    
 S   3
  1        4.832439000         0.1972709000    
  2       0.7058189000        -0.6956473000    
  3       0.2697520000        -0.4228781000    
 S   2
  1       0.3533535000        -0.1246783000    
  2       0.4209160000E-01     0.7383633000    
 S   1
  1       0.1744850000E-01      1.000000000    
 P   5
  1        367.5114600        -0.1003330000E-01
  2        86.26085800        -0.7273480000E-01
  3        26.89796800        -0.2679043000    
  4        9.354124800        -0.5038367000    
  5        3.292058100        -0.3426224000    
 P   2
  1        1.620918900        -0.2952722000    
  2       0.5872493000        -0.5563566000    
 P   1
  1       0.2046941000          1.000000000    
 P   1
  1       0.4080000000E-01      1.000000000    
 D   1
  1       0.7410000000E-01      1.000000000    
CALCIUM      ! (15s,9p,5d) -> [5s,4p,2d]                         
 S   6
  1        36930.00900         0.1712800000E-02
  2        5531.709700         0.1314490000E-01
  3        1252.741400         0.6583590000E-01
  4        350.8148500         0.2273606000    
  5        112.5965800         0.4718469000    
  6        38.08879300         0.3644995000    
 S   3
  1        74.11647000        -0.9974360000E-01
  2        8.184373800         0.5952113000    
  3        3.200368400         0.4785993000    
 S   3
  1        5.528327800         0.2071853000    
  2       0.8378952000        -0.7105804000    
  3       0.3330333000        -0.4109917000    
 S   2
  1       0.5088598000        -0.1545511000    
  2       0.6602440000E-01     0.7241643000    
 S   1
  1       0.2685900000E-01      1.000000000    
 P   5
  1        421.3459200        -0.9686500000E-02
  2        98.97598900        -0.7075990000E-01
  3        30.92869800        -0.2636593000    
  4        10.81166100        -0.5033651000    
  5        3.837980000        -0.3466308000    
 P   2
  1        1.927601900        -0.3026980000    
  2       0.7256823000        -0.5591628000    
 P   1
  1       0.2659863000          1.000000000    
 P   1
  1       0.5810000000E-01      1.000000000    
 D   4
  1        7.203114600         0.5694780000E-01
  2        1.898807400         0.1912518000    
  3       0.5924974000         0.2912302000    
  4       0.1840388000         0.2946869000    
 D   1
  1       0.5570440000E-01      1.000000000    
SCANDIUM     ! (15s,9p,5d) -> [5s,3p,2d]                         
 S   6
  1        40355.90900         0.1733300000E-02
  2        6050.515400         0.1327890000E-01
  3        1372.476500         0.6630410000E-01
  4        385.2470400         0.2281044000    
  5        124.0319400         0.4713657000    
  6        42.11942300         0.3633764000    
 S   3
  1        82.15869800        -0.1008175000    
  2        9.134983800         0.6005760000    
  3        3.600085600         0.4731860000    
 S   3
  1        6.310973800         0.2096618000    
  2       0.9654948000        -0.7088848000    
  3       0.3789351000        -0.4149589000    
 S   2
  1       0.5339866000        -0.1518766000    
  2       0.7369860000E-01     0.7029741000    
 S   1
  1       0.2872050000E-01      1.000000000    
 P   5
  1        483.1196600         0.9271600000E-02
  2        113.2477300         0.6863490000E-01
  3        35.35725400         0.2599716000    
  4        12.37920400         0.5043357000    
  5        4.410372500         0.3495890000    
 P   3
  1        2.224237800         0.3102315000    
  2       0.8338992000         0.5551398000    
  3       0.3034508000         0.2617353000    
 P   1
  1       0.7650000000E-01      1.000000000    
 D   4
  1        10.66290300         0.6447520000E-01
  2        2.719621900         0.2636906000    
  3       0.7677085000         0.4718955000    
  4       0.1886336000         0.5452150000    
 D   1
  1       0.3600000000E-01      1.000000000    
TITANIUM     ! (15s,9p,5d) -> [5s,3p,2d]                         
 S   6
  1        44446.89600        -0.1727600000E-02
  2        6664.414600        -0.1323290000E-01
  3        1511.986500        -0.6608370000E-01
  4        424.5507800        -0.2274691000    
  5        136.8002300        -0.4708755000    
  6        46.51453500        -0.3644901000    
 S   3
  1        90.60494200        -0.1018126000    
  2        10.14685800         0.6042992000    
  3        4.027716400         0.4694450000    
 S   3
  1        7.127037600        -0.2127146000    
  2        1.103140300         0.7104118000    
  3       0.4324495000         0.4153307000    
 S   2
  1       0.6155752000        -0.1526574000    
  2       0.8585810000E-01     0.6610350000    
 S   1
  1       0.3310330000E-01      1.000000000    
 P   5
  1        537.6690300         0.9208000000E-02
  2        126.3641400         0.6818680000E-01
  3        39.57137900         0.2591324000    
  4        13.92175000         0.5046390000    
  5        4.991680600         0.3487787000    
 P   3
  1        2.547890800         0.3152197000    
  2       0.9597935000         0.5534010000    
  3       0.3502063000         0.2577543000    
 P   1
  1       0.8550000000E-01      1.000000000    
 D   4
  1        13.52001600        -0.6241370000E-01
  2        3.507452300        -0.2648016000    
  3        1.022094800        -0.4797700000    
  4       0.2627861000        -0.5240558000    
 D   1
  1       0.5100000000E-01      1.000000000    
VANADIUM     ! (15s,9p,5d) -> [5s,3p,2d]                         
 S   6
  1        49145.25800        -0.1704900000E-02
  2        7366.100900        -0.1306850000E-01
  3        1669.959800        -0.6540440000E-01
  4        468.4395900        -0.2259286000    
  5        150.8210000        -0.4704403000    
  6        51.25277600        -0.3670273000    
 S   3
  1        99.48018000        -0.1027169000    
  2        11.21326400         0.6076980000    
  3        4.477825200         0.4660731000    
 S   3
  1        7.991335000        -0.2147809000    
  2        1.246815800         0.7109044000    
  3       0.4873934000         0.4162709000    
 S   2
  1       0.6908890000        -0.1490260000    
  2       0.9698660000E-01     0.6330897000    
 S   1
  1       0.3676400000E-01      1.000000000    
 P   5
  1        595.1270700        -0.9158900000E-02
  2        140.0039700        -0.6796570000E-01
  3        43.94137700        -0.2588992000    
  4        15.52695200        -0.5050116000    
  5        5.599215800        -0.3473443000    
 P   3
  1        2.889272300        -0.3191486000    
  2        1.090888400        -0.5518365000    
  3       0.3981297000        -0.2552426000    
 P   1
  1       0.9510000000E-01      1.000000000    
 D   4
  1        16.22047300        -0.6163860000E-01
  2        4.254742400        -0.2668608000    
  3        1.261771400        -0.4844443000    
  4       0.3315145000        -0.5111355000    
 D   1
  1       0.6400000000E-01      1.000000000    
CHROMIUM     ! (15s, 9p,5d) -> [5s,3p,2d]                        
 S   6
  1        52778.74500         0.1735400000E-02
  2        7918.301700         0.1327750000E-01
  3        1798.487100         0.6619060000E-01
  4        505.9200500         0.2273848000    
  5        163.5005800         0.4700728000    
  6        55.81763400         0.3647653000    
 S   3
  1        108.8041200         0.1035171000    
  2        12.32738700        -0.6115169000    
  3        4.946229500        -0.4623066000    
 S   3
  1        8.902044600         0.2161901000    
  2        1.396697600        -0.7109203000    
  3       0.5440141000        -0.4173588000    
 S   2
  1       0.7773661000         0.1468721000    
  2       0.1070358000        -0.6148496000    
 S   1
  1       0.3990770000E-01      1.000000000    
 P   5
  1        661.7120400        -0.8989400000E-02
  2        155.3130200        -0.6727680000E-01
  3        48.74308000        -0.2579756000    
  4        17.26608300        -0.5055800000    
  5        6.250765200        -0.3471414000    
 P   3
  1        3.250486500        -0.3220208000    
  2        1.228408800        -0.5504777000    
  3       0.4478437000        -0.2539024000    
 P   1
  1       0.1051000000          1.000000000    
 D   4
  1        18.83297300        -0.6170400000E-01
  2        4.979120300        -0.2701080000    
  3        1.491869600        -0.4880989000    
  4       0.3958512000        -0.5011105000    
 D   1
  1       0.7500000000E-01      1.000000000    
MANGANESE    ! (15s, 9p,5d) -> [5s,3p,2d]                        
 S   6
  1        58745.69200         0.1683500000E-02
  2        8803.039300         0.1291030000E-01
  3        1994.933000         0.6472260000E-01
  4        559.3536300         0.2242657000    
  5        180.1227000         0.4696949000    
  6        61.26213400         0.3698049000    
 S   3
  1        118.5280300         0.1042770000    
  2        13.50494600        -0.6140001000    
  3        5.443183400        -0.4598971000    
 S   3
  1        9.856955300         0.2175547000    
  2        1.555216300        -0.7108859000    
  3       0.6046178000        -0.4183703000    
 S   2
  1       0.8629655000         0.1437611000    
  2       0.1167188000        -0.6009008000    
 S   1
  1       0.4285910000E-01      1.000000000    
 P   5
  1        740.9276800        -0.8642000000E-02
  2        173.9131300        -0.6522490000E-01
  3        54.51849100        -0.2540417000    
  4        19.30041400        -0.5061519000    
  5        6.989309800        -0.3514232000    
 P   3
  1        3.632619600        -0.3248359000    
  2        1.373829700        -0.5496415000    
  3       0.5014289000        -0.2517273000    
 P   1
  1       0.1129000000          1.000000000    
 D   4
  1        21.25795800         0.6302750000E-01
  2        5.657994600         0.2754061000    
  3        1.702945500         0.4916845000    
  4       0.4518869000         0.4914830000    
 D   1
  1       0.8200000000E-01      1.000000000    
IRON         ! (15s, 9p,5d) -> [5s,3p,2d]                        
 S   6
  1        61430.22700         0.1755900000E-02
  2        9222.176000         0.1341690000E-01
  3        2097.596900         0.6669540000E-01
  4        591.4904000         0.2282051000    
  5        191.8606200         0.4694499000    
  6        65.82632800         0.3635569000    
 S   3
  1        128.7407400        -0.1049168000    
  2        14.71813300         0.6179619000    
  3        5.950754300         0.4560093000    
 S   3
  1        10.85987900         0.2184917000    
  2        1.719447100        -0.7113310000    
  3       0.6664532000        -0.4186947000    
 S   2
  1       0.9754761000        -0.1441054000    
  2       0.1231143000         0.5958134000    
 S   1
  1       0.4487950000E-01      1.000000000    
 P   5
  1        780.6203000        -0.9121700000E-02
  2        184.0062200        -0.6800400000E-01
  3        58.08446700        -0.2597681000    
  4        20.75979500        -0.5060138000    
  5        7.593451500        -0.3419082000    
 P   3
  1        4.027917300        -0.3272962000    
  2        1.526470000        -0.5481500000    
  3       0.5573702000        -0.2506629000    
 P   1
  1       0.1210000000          1.000000000    
 D   4
  1        23.92931600        -0.6349210000E-01
  2        6.399901300        -0.2783913000    
  3        1.931741700        -0.4938195000    
  4       0.5115279000        -0.4862694000    
 D   1
  1       0.9000000000E-01      1.000000000    
COBALT       ! (15s, 9p,5d) -> [5s,3p,2d]                        
 S   6
  1        67981.04200        -0.1702400000E-02
  2        10193.42800        -0.1303860000E-01
  3        2313.181400        -0.6518800000E-01
  4        650.0777900        -0.2250290000    
  5        210.0601500        -0.4691457000    
  6        71.77449800        -0.3686586000    
 S   3
  1        139.3222100         0.1055578000    
  2        16.00278600        -0.6200954000    
  3        6.491935300        -0.4539725000    
 S   3
  1        11.91039400        -0.2191273000    
  2        1.890410500         0.7114201000    
  3       0.7302278000         0.4192248000    
 S   2
  1        1.058602000         0.1392893000    
  2       0.1300905000        -0.5864315000    
 S   1
  1       0.4685300000E-01      1.000000000    
 P   5
  1        852.7913900        -0.9026600000E-02
  2        201.0696400        -0.6750980000E-01
  3        63.52134500        -0.2590251000    
  4        22.74864900        -0.5063919000    
  5        8.342775500        -0.3418521000    
 P   3
  1        4.447608700        -0.3289535000    
  2        1.685878000        -0.5472994000    
  3       0.6151209000        -0.2500163000    
 P   1
  1       0.1266000000          1.000000000    
 D   4
  1        26.53246900        -0.6447590000E-01
  2        7.125894500        -0.2823659000    
  3        2.154767300        -0.4956536000    
  4       0.5688600000        -0.4806519000    
 D   1
  1       0.9700000000E-01      1.000000000    
NICKEL       ! (15s, 9p,5d) -> [5s,3p,2d]                        
 S   6
  1        72509.04200        -0.1720800000E-02
  2        10879.17600        -0.1316370000E-01
  3        2471.646000        -0.6565670000E-01
  4        695.8260600        -0.2259027000    
  5        225.3750400        -0.4689157000    
  6        77.24015800        -0.3672841000    
 S   3
  1        150.3641200         0.1061216000    
  2        17.33109200        -0.6228997000    
  3        7.048855500        -0.4512631000    
 S   3
  1        13.00639600        -0.2195590000    
  2        2.068282100         0.7111742000    
  3       0.7963434000         0.4199687000    
 S   2
  1        1.140761200         0.1345042000    
  2       0.1364956000        -0.5791179000    
 S   1
  1       0.4864020000E-01      1.000000000    
 P   5
  1        925.3782300         0.8980800000E-02
  2        218.3791800         0.6725680000E-01
  3        69.07589400         0.2587199000    
  4        24.79418600         0.5067080000    
  5        9.117727000         0.3412531000    
 P   3
  1        4.886555600         0.3302654000    
  2        1.852056800         0.5465753000    
  3       0.6748905000         0.2496822000    
 P   1
  1       0.1351000000          1.000000000    
 D   4
  1        29.22965900        -0.6539530000E-01
  2        7.878914500        -0.2860130000    
  3        2.386116000        -0.4971564000    
  4       0.6282437000        -0.4756369000    
 D   1
  1       0.1040000000          1.000000000    
COPPER       ! (15s, 9p,5d) -> [5s,3p,2d]                        
 S   6
  1        80289.62000        -0.1656200000E-02
  2        12027.33800        -0.1270930000E-01
  3        2724.257500        -0.6385180000E-01
  4        763.5617300        -0.2221154000    
  5        246.0645900        -0.4686049000    
  6        83.86836300        -0.3733793000    
 S   3
  1        161.7972600         0.1066759000    
  2        18.72537500        -0.6245943000    
  3        7.636416500        -0.4496724000    
 S   3
  1        14.15082900        -0.2198077000    
  2        2.252830400         0.7108760000    
  3       0.8644886000         0.4206571000    
 S   2
  1        1.223096300         0.1303169000    
  2       0.1429771000        -0.5708601000    
 S   1
  1       0.5046030000E-01      1.000000000    
 P   5
  1        1002.974500         0.8914300000E-02
  2        236.6253000         0.6697040000E-01
  3        74.89232100         0.2584147000    
  4        26.93125200         0.5070620000    
  5        9.926775900         0.3407511000    
 P   3
  1        5.344664800         0.3313745000    
  2        2.024748000         0.5459871000    
  3       0.7366331000         0.2494767000    
 P   1
  1       0.1410000000          1.000000000    
 D   4
  1        31.81266700        -0.6688910000E-01
  2        8.605871600        -0.2907401000    
  3        2.609341100        -0.4984194000    
  4       0.6852135000        -0.4697251000    
 D   1
  1       0.1100000000          1.000000000    
ZINC         ! (15s, 9p,5d) -> [5s,3p,2d]                        
 S   6
  1        82904.22000        -0.1731300000E-02
  2        12444.23200        -0.1323280000E-01
  3        2829.852900        -0.6589010000E-01
  4        797.8928800        -0.2261988000    
  5        259.0647300        -0.4683911000    
  6        89.07951200        -0.3669156000    
 S   3
  1        173.6817200        -0.1071624000    
  2        20.16649700         0.6264982000    
  3        8.247081900         0.4478206000    
 S   3
  1        15.31658400        -0.2212375000    
  2        2.455749300         0.7091911000    
  3       0.9548777000         0.4224147000    
 S   2
  1        1.410003400        -0.1404652000    
  2       0.1693441000         0.6012745000    
 S   1
  1       0.5922100000E-01      1.000000000    
 P   5
  1        1085.178500         0.8826000000E-02
  2        256.1809300         0.6644550000E-01
  3        81.14025300         0.2574246000    
  4        29.22252000         0.5071455000    
  5        10.79369500         0.3414356000    
 P   3
  1        5.841290400         0.3312125000    
  2        2.226366000         0.5463761000    
  3       0.8211640000         0.2468144000    
 P   1
  1       0.1690000000          1.000000000    
 D   4
  1        38.09346700        -0.6069660000E-01
  2        10.42375600        -0.2760500000    
  3        3.253252100        -0.4982638000    
  4       0.9097529000        -0.4689898000    
 D   1
  1       0.1720000000          1.000000000    
GALLIUM      ! (15s,11p,5d) -> [5s,4p,2d]                        
 S   6
  1        88374.04500         0.1735800000E-02
  2        13268.90500         0.1326050000E-01
  3        3018.794100         0.6597590000E-01
  4        851.7884100         0.2262658000    
  5        276.8761900         0.4681011000    
  6        95.34532400         0.3668822000    
 S   3
  1        185.9603000        -0.1076453000    
  2        21.67074900         0.6277265000    
  3        8.889389400         0.4466379000    
 S   3
  1        16.53362600         0.2226595000    
  2        2.666602300        -0.7081774000    
  3        1.051541400        -0.4233846000    
 S   2
  1        1.562546500        -0.1577253000    
  2       0.2076115000         0.6391179000    
 S   1
  1       0.7354390000E-01      1.000000000    
 P   5
  1        1163.195500        -0.8840700000E-02
  2        274.8972700        -0.6650620000E-01
  3        87.25598900        -0.2573602000    
  4        31.53486400        -0.5065298000    
  5        11.70061100        -0.3411450000    
 P   3
  1        6.387667300        -0.3278164000    
  2        2.466702200        -0.5424422000    
  3       0.9361940000        -0.2505594000    
 P   2
  1       0.3812727000        -0.2124864000    
  2       0.1255096000        -0.5517548000    
 P   1
  1       0.4107170000E-01      1.000000000    
 D   4
  1        38.05827200        -0.7003580000E-01
  2        10.36152200        -0.3052574000    
  3        3.160352300        -0.5167260000    
  4       0.8477195000        -0.4278052000    
 D   1
  1       0.1620000000          1.000000000    
GERMANIUM    ! (15s,11p,5d) -> [5s,4p,2d]                        
 S   6
  1        100666.2300        -0.1600600000E-02
  2        15061.97300        -0.1230940000E-01
  3        3404.194600        -0.6220620000E-01
  4        951.2169800        -0.2183436000    
  5        305.6481000        -0.4675375000    
  6        103.8813800        -0.3797132000    
 S   3
  1        198.5480300        -0.1081669000    
  2        23.26486500         0.6266130000    
  3        9.583500400         0.4477900000    
 S   3
  1        17.78910200        -0.2247444000    
  2        2.889573500         0.7096098000    
  3        1.160925900         0.4219827000    
 S   2
  1        1.784083800        -0.1776766000    
  2       0.2538740000         0.6676128000    
 S   1
  1       0.9219810000E-01      1.000000000    
 P   5
  1        1316.930600         0.8048900000E-02
  2        310.7653200         0.6160660000E-01
  3        98.04171600         0.2468894000    
  4        35.14999100         0.5066484000    
  5        12.94924700         0.3557105000    
 P   3
  1        6.947614700         0.3277649000    
  2        2.703788900         0.5428977000    
  3        1.048480900         0.2466886000    
 P   2
  1       0.4417125000         0.2557696000    
  2       0.1606094000         0.5378329000    
 P   1
  1       0.5740760000E-01      1.000000000    
 D   4
  1        43.66375100         0.6646480000E-01
  2        11.97921000         0.2982969000    
  3        3.722786400         0.5203260000    
  4        1.042371500         0.4202894000    
 D   1
  1       0.2180000000          1.000000000    
ARSENIC      ! (15s,11p,5d) -> [5s,4p,2d]                        
 S   6
  1        107365.8600        -0.1595700000E-02
  2        16064.05300        -0.1227220000E-01
  3        3630.651800        -0.6203620000E-01
  4        1014.528300        -0.2178657000    
  5        326.0742900        -0.4672108000    
  6        110.8651900        -0.3805783000    
 S   3
  1        211.6292400        -0.1086048000    
  2        24.88731200         0.6271180000    
  3        10.28619000         0.4473011000    
 S   3
  1        19.09051400        -0.2270113000    
  2        3.120283800         0.7137823000    
  3        1.275135100         0.4180248000    
 S   2
  1        2.020230700        -0.1944864000    
  2       0.3032086000         0.6871501000    
 S   1
  1       0.1113256000          1.000000000    
 P   5
  1        1416.240900         0.7956100000E-02
  2        334.2792000         0.6103730000E-01
  3        105.5240000         0.2454926000    
  4        37.88714000         0.5062554000    
  5        13.98761200         0.3573375000    
 P   3
  1        7.529345800        -0.3275804000    
  2        2.961026900        -0.5429651000    
  3        1.170623200        -0.2433757000    
 P   2
  1       0.1962306000        -0.5487952000    
  2       0.5252210000        -0.2795973000    
 P   1
  1       0.7047480000E-01      1.000000000    
 D   4
  1        49.42882000         0.6367440000E-01
  2        13.64811400         0.2927250000    
  3        4.305295900         0.5233417000    
  4        1.246644600         0.4142044000    
 D   1
  1       0.2730000000          1.000000000    
SELENIUM     ! (15s,11p,5d) -> [5s,4p,2d]                        
 S   6
  1        114288.7600        -0.1591000000E-02
  2        17099.74000        -0.1223620000E-01
  3        3864.676200        -0.6187230000E-01
  4        1079.953200        -0.2174028000    
  5        347.1853000        -0.4668917000    
  6        118.0835800        -0.3814202000    
 S   3
  1        225.1277600        -0.1090202000    
  2        26.56506800         0.6275629000    
  3        11.01558300         0.4468661000    
 S   3
  1        20.43701600        -0.2294209000    
  2        3.360497300         0.7197040000    
  3        1.394050500         0.4125418000    
 S   2
  1        2.264527800        -0.2083219000    
  2       0.3544357000         0.7041515000    
 S   1
  1       0.1319064000          1.000000000    
 P   5
  1        1519.283000         0.7868500000E-02
  2        358.7246100         0.6048660000E-01
  3        113.3100800         0.2441071000    
  4        40.73758100         0.5058603000    
  5        15.06974600         0.3589737000    
 P   3
  1        8.129489400         0.3282052000    
  2        3.227432700         0.5438675000    
  3        1.295098200         0.2388012000    
 P   2
  1       0.6126198000         0.3087793000    
  2       0.2272267000         0.5447087000    
 P   1
  1       0.8062480000E-01      1.000000000    
 D   4
  1        55.37210800         0.6143620000E-01
  2        15.37296300         0.2882194000    
  3        4.909228800         0.5259797000    
  4        1.460241600         0.4090499000    
 D   1
  1       0.3210000000          1.000000000    
BROMINE      ! (15s,11p,5d) -> [5s,4p,2d]                        
 S   6
  1        115354.1000         0.1689400000E-02
  2        17308.39000         0.1292180000E-01
  3        3932.853400         0.6455660000E-01
  4        1107.772300         0.2228721000    
  5        359.6333600         0.4668336000    
  6        123.6998800         0.3726870000    
 S   3
  1        239.1218000         0.1093640000    
  2        28.26812700        -0.6294377000    
  3        11.75056600        -0.4449871000    
 S   3
  1        21.82996400         0.2318734000    
  2        3.608825700        -0.7272457000    
  3        1.516486500        -0.4055866000    
 S   2
  1        2.520936700         0.2202626000    
  2       0.4093415000        -0.7163121000    
 S   1
  1       0.1530953000          1.000000000    
 P   5
  1        1580.373900         0.8175700000E-02
  2        373.0975500         0.6255250000E-01
  3        118.3523300         0.2484745000    
  4        42.85895500         0.5054137000    
  5        15.97787400         0.3523443000    
 P   3
  1        8.753327500         0.3283504000    
  2        3.516033500         0.5437991000    
  3        1.430737800         0.2357859000    
 P   2
  1       0.7091508000        -0.3244162000    
  2       0.2656835000        -0.5395416000    
 P   1
  1       0.9439950000E-01      1.000000000    
 D   4
  1        61.51441400         0.5957770000E-01
  2        17.16198300         0.2843781000    
  3        5.538470600         0.5281856000    
  4        1.684816600         0.4047724000    
 D   1
  1       0.3620000000          1.000000000    
KRYPTON      ! (15s,11p,5d) -> [5s,4p,2d]                        
 S   6
  1        121095.8700        -0.1706200000E-02
  2        18179.49900        -0.1303720000E-01
  3        4135.024400        -0.6499150000E-01
  4        1166.560600        -0.2236678000    
  5        379.5258400        -0.4665839000    
  6        130.8760500        -0.3715006000    
 S   3
  1        253.4819300         0.1097265000    
  2        30.04623200        -0.6301801000    
  3        12.52578900        -0.4442448000    
 S   3
  1        23.26909800        -0.2343607000    
  2        3.867887500         0.7351894000    
  3        1.643680200         0.3983798000    
 S   2
  1        2.790456500         0.2305767000    
  2       0.4676485000        -0.7249465000    
 S   1
  1       0.1750899000          1.000000000    
 P   5
  1        1659.884400        -0.8319500000E-02
  2        392.5200600        -0.6339410000E-01
  3        124.8949600        -0.2500195000    
  4        45.42858900        -0.5049266000    
  5        17.01620900        -0.3497957000    
 P   3
  1        9.398739300        -0.3290142000    
  2        3.815061900        -0.5438178000    
  3        1.571766700        -0.2324568000    
 P   2
  1       0.8101745000         0.3373338000    
  2       0.3064747000         0.5352931000    
 P   1
  1       0.1093540000          1.000000000    
 D   4
  1        67.81939900         0.5807190000E-01
  2        19.00354100         0.2812775000    
  3        6.189031500         0.5301052000    
  4        1.919299500         0.4008533000    
 D   1
  1       0.4020000000          1.000000000    
RUBIDIUM     ! (18s,12p,6d) -> [6s,5p,2d]                        
 S   6
  1        131515.0600        -0.1649900000E-02
  2        19719.21700        -0.1263720000E-01
  3        4474.304000        -0.6338420000E-01
  4        1257.750800        -0.2201085000    
  5        139.8153300        -0.3774800000    
  6        407.5170000        -0.4659321000    
 S   3
  1        267.8455800         0.1102285000    
  2        32.00259900        -0.6260558000    
  3        13.41194600        -0.4484162000    
 S   3
  1        24.68546100        -0.2378679000    
  2        4.176691200         0.7312414000    
  3        1.809335600         0.4037899000    
 S   3
  1        3.037953600         0.2470808000    
  2       0.5466666000        -0.7279453000    
  3       0.2210044000        -0.4195015000    
 S   2
  1       0.3007990000        -0.1476392000    
  2       0.3774790000E-01     0.7643571000    
 S   1
  1       0.1598400000E-01      1.000000000    
 P   5
  1        1813.892800         0.7911000000E-02
  2        428.1581200         0.6090810000E-01
  3        135.8410900         0.2444233000    
  4        49.25288200         0.5044221000    
  5        18.40875300         0.3577504000    
 P   3
  1        10.10238300         0.3276215000    
  2        4.152142200         0.5418507000    
  3        1.741377900         0.2329981000    
 P   2
  1       0.9412337000        -0.3459701000    
  2       0.3790904000        -0.5408154000    
 P   1
  1       0.1435002000          1.000000000    
 P   1
  1       0.3580000000E-01      1.000000000    
 D   5
  1        130.8551500         0.2027370000E-01
  2        37.95294400         0.1266624000    
  3        13.46733800         0.3577686000    
  4        4.942475200         0.4920449000    
  5        1.708331400         0.2798508000    
 D   1
  1       0.6000000000E-01      1.000000000    
STRONTIUM    ! (18s,12p,9d) -> [6s,5p,3d]                        
 S   6
  1        139600.8400        -0.1637800000E-02
  2        20926.65900        -0.1254990000E-01
  3        4746.227600        -0.6302380000E-01
  4        1333.311100        -0.2192939000    
  5        431.6806900        -0.4657914000    
  6        148.0023800        -0.3787658000    
 S   3
  1        283.0651900        -0.1105633000    
  2        33.89344500         0.6267330000    
  3        14.24983300         0.4476967000    
 S   3
  1        26.23897900        -0.2401835000    
  2        4.454077800         0.7407144000    
  3        1.948373400         0.3949994000    
 S   3
  1        3.311811700        -0.2623786000    
  2       0.6212780000         0.7529803000    
  3       0.2607211000         0.4020321000    
 S   2
  1       0.3926312000        -0.1731545000    
  2       0.5652420000E-01     0.7482808000    
 S   1
  1       0.2373960000E-01      1.000000000    
 P   5
  1        1927.612500         0.7853900000E-02
  2        455.1146600         0.6056190000E-01
  3        144.4781200         0.2434858000    
  4        52.46280200         0.5039651000    
  5        19.65178500         0.3588853000    
 P   3
  1        10.77580000        -0.3304770000    
  2        4.462042100        -0.5419147000    
  3        1.894308200        -0.2277387000    
 P   2
  1        1.052422500         0.3723870000    
  2       0.4402490000         0.5348795000    
 P   1
  1       0.1756503000          1.000000000    
 P   1
  1       0.4630000000E-01      1.000000000    
 D   5
  1        143.1270800         0.1965120000E-01
  2        41.62180400         0.1241418000    
  3        14.83673500         0.3554270000    
  4        5.495665500         0.4938418000    
  5        1.930277600         0.2774254000    
 D   3
  1       0.9140951000        -0.2160249000    
  2       0.3459379000        -0.2705849000    
  3       0.1224188000        -0.5160614000    
 D   1
  1       0.7800000000E-01      1.000000000    
YTTRIUM      ! (18s,12p,9d) -> [6s,5p,3d]                        
 S   6
  1        147196.9900         0.1636400000E-02
  2        22066.57400         0.1253720000E-01
  3        5005.389400         0.6295520000E-01
  4        1406.386000         0.2190656000    
  5        455.5366200         0.4655018000    
  6        156.2831900         0.3792505000    
 S   3
  1        298.9511500         0.1108066000    
  2        35.78158500        -0.6293800000    
  3        15.07100000        -0.4449943000    
 S   3
  1        27.84173800         0.2423388000    
  2        4.732440600        -0.7530983000    
  3        2.084082000        -0.3832947000    
 S   3
  1        3.628513400         0.2725480000    
  2       0.6959899000        -0.7660265000    
  3       0.2918579000        -0.3952102000    
 S   2
  1       0.4247937000         0.1847383000    
  2       0.6432540000E-01    -0.7652465000    
 S   1
  1       0.2596900000E-01      1.000000000    
 P   5
  1        2045.561400        -0.7796300000E-02
  2        483.0653100        -0.6019970000E-01
  3        153.4532500        -0.2424855000    
  4        55.79203500        -0.5036148000    
  5        20.93487500        -0.3600474000    
 P   3
  1        11.44753100        -0.3352234000    
  2        4.760269600        -0.5433278000    
  3        2.039584900        -0.2195077000    
 P   2
  1        1.181529800        -0.3829897000    
  2       0.4985617000        -0.5292642000    
 P   1
  1       0.2005795000          1.000000000    
 P   1
  1       0.5350000000E-01      1.000000000    
 D   5
  1        163.4726300         0.1747850000E-01
  2        47.64534400         0.1139084000    
  3        17.06563500         0.3404451000    
  4        6.398871500         0.4957676000    
  5        2.300720600         0.2938499000    
 D   3
  1        1.502295700         0.1948034000    
  2       0.4549400000         0.4782609000    
  3       0.1265615000         0.5710845000    
 D   1
  1       0.2850000000E-01      1.000000000    
ZIRCONIUM    ! (18s,12p,9d) -> [6s,5p,3d]                        
 S   6
  1        154759.6100         0.1638000000E-02
  2        23203.44800         0.1254620000E-01
  3        5264.804200         0.6297210000E-01
  4        1479.971300         0.2189916000    
  5        479.7185800         0.4652423000    
  6        164.7159700         0.3794577000    
 S   3
  1        314.9317300         0.1111347000    
  2        37.80598700        -0.6292935000    
  3        15.97023400        -0.4450823000    
 S   3
  1        29.46276600         0.2448339000    
  2        5.037902600        -0.7607243000    
  3        2.235820900        -0.3767339000    
 S   3
  1        3.941522100        -0.2819639000    
  2       0.7773542000         0.7737658000    
  3       0.3276699000         0.3936740000    
 S   2
  1       0.4766533000        -0.1852031000    
  2       0.7420470000E-01     0.7444872000    
 S   1
  1       0.2936770000E-01      1.000000000    
 P   5
  1        2177.794500        -0.7679100000E-02
  2        514.1909100        -0.5947830000E-01
  3        163.3112100        -0.2407304000    
  4        59.39459000        -0.5032079000    
  5        22.30765600        -0.3623951000    
 P   3
  1        12.17466600        -0.3374139000    
  2        5.097420900        -0.5433643000    
  3        2.205232000        -0.2153307000    
 P   2
  1        1.312504400        -0.3946016000    
  2       0.5590442000        -0.5242979000    
 P   1
  1       0.2270145000          1.000000000    
 P   1
  1       0.5960000000E-01      1.000000000    
 D   5
  1        179.9142800         0.1655920000E-01
  2        52.51868700         0.1097042000    
  3        18.87025400         0.3346995000    
  4        7.127774700         0.4974377000    
  5        2.595484500         0.2976056000    
 D   3
  1        1.766295500        -0.2067470000    
  2       0.5527131000        -0.4956232000    
  3       0.1594001000        -0.5352037000    
 D   1
  1       0.3520000000E-01      1.000000000    
NIOBIUM      ! (18s,12p,9d) -> [6s,5p,3d]                        
 S   6
  1        161518.4400         0.1651900000E-02
  2        24228.12500         0.1264130000E-01
  3        5502.184000         0.6333130000E-01
  4        1548.803300         0.2196490000    
  5        502.9506100         0.4650191000    
  6        173.0690000         0.3784935000    
 S   3
  1        331.4713300        -0.1114085000    
  2        39.85041400         0.6303224000    
  3        16.87194700         0.4440367000    
 S   3
  1        31.14005100         0.2471379000    
  2        5.347811700        -0.7699948000    
  3        2.386117100        -0.3684821000    
 S   3
  1        4.271292400        -0.2895512000    
  2       0.8601071000         0.7809394000    
  3       0.3629884000         0.3916610000    
 S   2
  1       0.5337331000         0.1868077000    
  2       0.8284850000E-01    -0.7251456000    
 S   1
  1       0.3221350000E-01      1.000000000    
 P   5
  1        2299.557800        -0.7649800000E-02
  2        543.1280500        -0.5928460000E-01
  3        172.6475200        -0.2401241000    
  4        62.88070000        -0.5028628000    
  5        23.66290700        -0.3630349000    
 P   3
  1        12.91742300        -0.3399631000    
  2        5.442523000        -0.5434097000    
  3        2.374565100        -0.2109462000    
 P   2
  1        1.451691400        -0.4021629000    
  2       0.6228485000        -0.5202113000    
 P   1
  1       0.2542567000          1.000000000    
 P   1
  1       0.6490000000E-01      1.000000000    
 D   5
  1        194.6932400         0.1611910000E-01
  2        56.94875000         0.1076899000    
  3        20.54099500         0.3317767000    
  4        7.819356200         0.4979379000    
  5        2.884339900         0.2979210000    
 D   3
  1        2.033036000        -0.2153858000    
  2       0.6520933000        -0.5062715000    
  3       0.1923867000        -0.5108522000    
 D   1
  1       0.4170000000E-01      1.000000000    
MOLYBDENUM   ! (18s,12p,9d) -> [6s,5p,3d]                        
 S   6
  1        170343.9400        -0.1642300000E-02
  2        25548.85900        -0.1257100000E-01
  3        5800.488700        -0.6303610000E-01
  4        1632.078500        -0.2189368000    
  5        529.7896400        -0.4647520000    
  6        182.2255000        -0.3797261000    
 S   3
  1        348.3331900         0.1117018000    
  2        41.97860300        -0.6304345000    
  3        17.81851700        -0.4439243000    
 S   3
  1        32.85854300        -0.2494502000    
  2        5.671843800         0.7781576000    
  3        2.542962600         0.3614287000    
 S   3
  1        4.612148400         0.2959207000    
  2       0.9465116000        -0.7850306000    
  3       0.3994142000        -0.3921630000    
 S   2
  1       0.5873355000        -0.1849895000    
  2       0.9093840000E-01     0.7054266000    
 S   1
  1       0.3475310000E-01      1.000000000    
 P   5
  1        2428.042000         0.7604100000E-02
  2        573.5977900         0.5899760000E-01
  3        182.4291400         0.2393360000    
  4        66.51764700         0.5025254000    
  5        25.07187400         0.3639697000    
 P   3
  1        13.67903000        -0.3427110000    
  2        5.795864600        -0.5434750000    
  3        2.547696300        -0.2065035000    
 P   2
  1        1.596268900         0.4084906000    
  2       0.6878200000         0.5168554000    
 P   1
  1       0.2814702000          1.000000000    
 P   1
  1       0.6970000000E-01      1.000000000    
 D   5
  1        211.0407500        -0.1557090000E-01
  2        61.82259100        -0.1051394000    
  3        22.36574800        -0.3280576000    
  4        8.568726700        -0.4987300000    
  5        3.194006500        -0.2998007000    
 D   3
  1        2.304040100        -0.2224302000    
  2       0.7535423000        -0.5133561000    
  3       0.2259020000        -0.4927812000    
 D   1
  1       0.4820000000E-01      1.000000000    
TECHNETIUM   ! (18s,12p,9d) -> [6s,5p,3d]                        
 S   6
  1        179686.1900        -0.1630200000E-02
  2        26943.26300        -0.1248390000E-01
  3        6114.302900        -0.6267660000E-01
  4        1719.283500        -0.2180935000    
  5        557.7491400        -0.4644936000    
  6        191.7046600        -0.3811596000    
 S   3
  1        365.6066200         0.1119961000    
  2        44.18232100        -0.6301375000    
  3        18.80250300        -0.4442314000    
 S   3
  1        34.62194100        -0.2516721000    
  2        6.008079900         0.7853670000    
  3        2.705126200         0.3553439000    
 S   3
  1        4.963014300         0.3012406000    
  2        1.035651300        -0.7866986000    
  3       0.4371554000        -0.3944238000    
 S   2
  1       0.6430125000        -0.1781723000    
  2       0.9800660000E-01     0.6757694000    
 S   1
  1       0.3721640000E-01      1.000000000    
 P   5
  1        2561.005200         0.7597400000E-02
  2        604.8569800         0.5821900000E-01
  3        192.8161800         0.2401994000    
  4        69.51824000         0.5084689000    
  5        26.21057500         0.3577400000    
 P   3
  1        107.0895500        -0.2379320000E-01
  2        12.23761300         0.4952180000    
  3        4.491211800         0.5812543000    
 P   2
  1        1.848403000        -0.3817962000    
  2       0.7711282000        -0.5436058000    
 P   1
  1       0.3106871000          1.000000000    
 P   1
  1       0.7650000000E-01      1.000000000    
 D   5
  1        228.8373200        -0.1496570000E-01
  2        67.16576600        -0.1020690000    
  3        24.37622000        -0.3231163000    
  4        9.393614800        -0.4993646000    
  5        3.534722800        -0.3038108000    
 D   3
  1        2.652498600        -0.2211562000    
  2       0.8949099000        -0.5106990000    
  3       0.2768870000        -0.4875796000    
 D   1
  1       0.6460000000E-01      1.000000000    
RUTHENIUM    ! (18s,11p) -> [6s,5p]                              
 S   6
  1        188363.7000        -0.1628300000E-02
  2        28246.15400        -0.1246800000E-01
  3        6410.455800        -0.6259880000E-01
  4        1802.769600        -0.2178482000    
  5        584.9981000        -0.4642662000    
  6        201.1428000        -0.3816352000    
 S   3
  1        383.3629200        -0.1122513000    
  2        46.40909900         0.6306301000    
  3        19.79243600         0.4437351000    
 S   3
  1        36.43717600        -0.2538161000    
  2        6.351622700         0.7935927000    
  3        2.867511900         0.3482381000    
 S   3
  1        5.331141500         0.3056042000    
  2        1.127271600        -0.7880834000    
  3       0.4757767000        -0.3962728000    
 S   2
  1       0.7097161000         0.1743661000    
  2       0.1018585000        -0.6666011000    
 S   1
  1       0.3836270000E-01      1.000000000    
 P   5
  1        2680.749900        -0.7631900000E-02
  2        633.2076000        -0.5848760000E-01
  3        201.9999500        -0.2409453000    
  4        72.96513700        -0.5083816000    
  5        27.59114200        -0.3564023000    
 P   3
  1        112.3755400         0.2395380000E-01
  2        12.97049400        -0.4959182000    
  3        4.800042600        -0.5795846000    
 P   2
  1        2.002282400         0.3909479000    
  2       0.8344804000         0.5399433000    
 P   1
  1       0.3368239000          1.000000000    
 P   1
  1       0.8200000000E-01      1.000000000    
 D   5
  1        244.4694300        -0.1475640000E-01
  2        71.82758100        -0.1012469000    
  3        26.13545500        -0.3221165000    
  4        10.13205300        -0.4992598000    
  5        3.853607200        -0.3026771000    
 D   3
  1        2.985099900         0.2221427000    
  2        1.028751300         0.5099612000    
  3       0.3246385000         0.4817461000    
 D   1
  1       0.7870000000E-01      1.000000000    
RHODIUM      ! (18s,12p,9d) -> [6s,5p,3d]                        
 S   6
  1        194399.5400        -0.1655700000E-02
  2        29173.20200        -0.1265920000E-01
  3        6630.911500        -0.6334160000E-01
  4        1869.115800        -0.2193329000    
  5        608.3512800        -0.4641347000    
  6        209.9202100        -0.3793139000    
 S   3
  1        401.6496000        -0.1124641000    
  2        48.65711600         0.6320222000    
  3        20.78386000         0.4423307000    
 S   3
  1        38.30187200        -0.2558484000    
  2        6.703466200         0.8020183000    
  3        3.031364700         0.3409033000    
 S   3
  1        5.714259400         0.3090720000    
  2        1.219684800        -0.7913780000    
  3       0.5131545000        -0.3956822000    
 S   2
  1       0.7792284000         0.1731067000    
  2       0.1052762000        -0.6552429000    
 S   1
  1       0.3941740000E-01      1.000000000    
 P   5
  1        2807.519500        -0.7644500000E-02
  2        663.5760100        -0.5852840000E-01
  3        211.9429200        -0.2409256000    
  4        76.67761700        -0.5081233000    
  5        29.06029800        -0.3562086000    
 P   3
  1        117.8643700         0.2412410000E-01
  2        13.71922500        -0.4969291000    
  3        5.116139300        -0.5776992000    
 P   2
  1        2.163626800         0.3979395000    
  2       0.9017759000         0.5361914000    
 P   1
  1       0.3647145000          1.000000000    
 P   1
  1       0.8820000000E-01      1.000000000    
 D   5
  1        263.3566400        -0.1426860000E-01
  2        77.38864000        -0.9902180000E-01
  3        28.19765000        -0.3190027000    
  4        10.97668700        -0.4999267000    
  5        4.206808700        -0.3046989000    
 D   3
  1        3.332271400         0.2221471000    
  2        1.167217600         0.5096083000    
  3       0.3733267000         0.4779062000    
 D   1
  1       0.9240000000E-01      1.000000000    
PALLADIUM    ! (18s,11p) -> [6s,5p]                              
 S   6
  1        207193.1000         0.1616600000E-02
  2        31063.77200         0.1238220000E-01
  3        7047.749500         0.6223230000E-01
  4        1981.200100         0.2169219000    
  5        642.7533800         0.4638187000    
  6        220.9533400         0.3832771000    
 S   3
  1        420.0886000         0.1127446000    
  2        51.04383900        -0.6311858000    
  3        21.86011700        -0.4431819000    
 S   3
  1        40.20133600         0.2579690000    
  2        7.076001100        -0.8079526000    
  3        3.208693100        -0.3361730000    
 S   3
  1        6.104196700        -0.3123386000    
  2        1.317924900         0.7911463000    
  3       0.5534537000         0.3986219000    
 S   2
  1       0.8233603000        -0.1623037000    
  2       0.1088226000         0.6448050000    
 S   1
  1       0.4012680000E-01      1.000000000    
 P   5
  1        2972.421400        -0.7509100000E-02
  2        702.1149000        -0.5770110000E-01
  3        224.0646400        -0.2390153000    
  4        81.02367800        -0.5076466000    
  5        30.72530500        -0.3589804000    
 P   3
  1        123.2597100         0.2423580000E-01
  2        14.51192800        -0.4968331000    
  3        5.448828600        -0.5770064000    
 P   2
  1        2.332294900         0.4036794000    
  2       0.9711259000         0.5333648000    
 P   1
  1       0.3928289000          1.000000000    
 P   1
  1       0.9040000000E-01      1.000000000    
 D   5
  1        282.6718700         0.1383090000E-01
  2        83.16509800         0.9683270000E-01
  3        30.35853800         0.3155661000    
  4        11.86274800         0.5007092000    
  5        4.571001300         0.3072451000    
 D   3
  1        3.593651500         0.2314603000    
  2        1.259972600         0.5150304000    
  3       0.4004196000         0.4655096000    
 D   1
  1       0.9520000000E-01      1.000000000    
SILVER       ! (18s,12p,9d) -> [6s,5p,3d]                        
 S   6
  1        215086.0600        -0.1628200000E-02
  2        32258.58800        -0.1246210000E-01
  3        7324.364400        -0.6253390000E-01
  4        2061.310100        -0.2174846000    
  5        669.7475600        -0.4636648000    
  6        230.6433200        -0.3824312000    
 S   3
  1        439.1541500         0.1129571000    
  2        53.42193900        -0.6320098000    
  3        22.91685100        -0.4423542000    
 S   3
  1        42.15640600        -0.2599067000    
  2        7.452589200         0.8150261000    
  3        3.383473800         0.3302085000    
 S   3
  1        6.512030400         0.3148473000    
  2        1.416463900        -0.7927725000    
  3       0.5931207000        -0.3990682000    
 S   2
  1       0.8927631000        -0.1610001000    
  2       0.1107510000         0.6415571000    
 S   1
  1       0.4064750000E-01      1.000000000    
 P   5
  1        3110.458200         0.7505400000E-02
  2        735.0493700         0.5765110000E-01
  3        234.7802900         0.2388160000    
  4        85.00222500         0.5073984000    
  5        32.29478700         0.3590847000    
 P   3
  1        128.9915700        -0.2439550000E-01
  2        15.30321300         0.4978927000    
  3        5.783590000         0.5752185000    
 P   2
  1        2.505256000        -0.4091123000    
  2        1.042325600        -0.5303257000    
 P   1
  1       0.4217877000          1.000000000    
 P   1
  1       0.9860000000E-01      1.000000000    
 D   5
  1        310.2735600        -0.1280800000E-01
  2        91.14433800        -0.9178170000E-01
  3        33.21961700        -0.3079296000    
  4        12.98314800        -0.5026952000    
  5        5.013756600        -0.3158562000    
 D   3
  1        3.978980300         0.2289409000    
  2        1.422040700         0.5106596000    
  3       0.4626039000         0.4660627000    
 D   1
  1       0.1162000000          1.000000000    
CADMIUM      ! (18s,12p,9d) -> [6s,5p,3d]                        
 S   6
  1        225379.4600         0.1619400000E-02
  2        33798.15800         0.1239760000E-01
  3        7671.641900         0.6226560000E-01
  4        2158.127100         0.2168328000    
  5        700.9315700         0.4634149000    
  6        241.2650200         0.3835714000    
 S   3
  1        458.5346300         0.1131940000    
  2        55.89407700        -0.6318382000    
  3        24.03144200        -0.4425207000    
 S   3
  1        44.14981400         0.2619017000    
  2        7.849851800        -0.8197565000    
  3        3.573940400        -0.3266451000    
 S   3
  1        6.914848100        -0.3193036000    
  2        1.526995300         0.7908449000    
  3       0.6491530000         0.4036859000    
 S   2
  1       0.9796369000        -0.1689889000    
  2       0.1350007000         0.6392561000    
 S   1
  1       0.4921930000E-01      1.000000000    
 P   5
  1        3286.549100        -0.7370700000E-02
  2        776.7265400        -0.5672580000E-01
  3        248.0698800        -0.2363825000    
  4        89.77214300        -0.5066776000    
  5        34.11290200        -0.3626949000    
 P   3
  1        134.6657100         0.2451680000E-01
  2        16.14285500        -0.4976483000    
  3        6.140187900        -0.5747280000    
 P   2
  1        2.690311200         0.4131505000    
  2        1.126360100         0.5299429000    
 P   1
  1       0.4618970000          1.000000000    
 P   1
  1       0.1124000000          1.000000000    
 D   5
  1        323.8785000         0.1303330000E-01
  2        95.51482000         0.9261470000E-01
  3        35.01335400         0.3085042000    
  4        13.78705700         0.5011372000    
  5        5.385729600         0.3132880000    
 D   3
  1        4.459217500         0.2229832000    
  2        1.637835600         0.5118175000    
  3       0.5551158000         0.4588206000    
 D   1
  1       0.1478000000          1.000000000    
INDIUM       ! (18s,14p,9d) -> [6s,5p,3d]                        
 S   6
  1        235861.1200        -0.1611400000E-02
  2        35365.28300        -0.1233990000E-01
  3        8025.258900        -0.6202380000E-01
  4        2256.767900        -0.2162407000    
  5        732.7353800        -0.4631674000    
  6        252.1151800        -0.3846192000    
 S   3
  1        478.3767800        -0.1134149000    
  2        58.40865200         0.6319863000    
  3        25.16607200         0.4423582000    
 S   3
  1        46.20629700        -0.2637462000    
  2        8.252193200         0.8257003000    
  3        3.761634100         0.3217874000    
 S   3
  1        7.337725300         0.3232703000    
  2        1.638003400        -0.7913041000    
  3       0.7077128000        -0.4052935000    
 S   2
  1        1.079618800         0.1916757000    
  2       0.1634650000        -0.6769690000    
 S   1
  1       0.6086760000E-01      1.000000000    
 P   5
  1        3433.641200        -0.7365300000E-02
  2        811.3151900        -0.5674560000E-01
  3        259.1487900        -0.2365663000    
  4        93.89184300        -0.5064242000    
  5        35.77110700        -0.3623434000    
 P   3
  1        140.4103100         0.2467220000E-01
  2        17.02277900        -0.4965323000    
  3        6.529280900        -0.5748598000    
 P   3
  1        2.885979300         0.4151222000    
  2        1.219543800         0.5279892000    
  3       0.5152136000         0.1471352000    
 P   2
  1       0.2732522000        -0.2392050000    
  2       0.9897240000E-01    -0.5637124000    
 P   1
  1       0.3513300000E-01      1.000000000    
 D   5
  1        337.4852800         0.1327010000E-01
  2        99.57066100         0.9424830000E-01
  3        36.59662500         0.3109702000    
  4        14.49920500         0.5004293000    
  5        5.693945800         0.3084718000    
 D   3
  1        4.376322300         0.2713087000    
  2        1.523357000         0.5554482000    
  3       0.4783456000         0.3858803000    
 D   1
  1       0.1270000000          1.000000000    
TIN          ! (18s,14p,9d) -> [6s,5p,3d]                        
 S   6
  1        245047.3600        -0.1616200000E-02
  2        36750.02600        -0.1237110000E-01
  3        8342.773500        -0.6213390000E-01
  4        2347.472300        -0.2163977000    
  5        762.8362000        -0.4629749000    
  6        262.7379300        -0.3844478000    
 S   3
  1        498.7328300        -0.1136052000    
  2        60.95045800         0.6327182000    
  3        26.30561000         0.4416086000    
 S   3
  1        48.30391300        -0.2655359000    
  2        8.667143700         0.8308897000    
  3        3.956469200         0.3176724000    
 S   3
  1        7.768144600        -0.3275765000    
  2        1.752683600         0.7939468000    
  3       0.7702961000         0.4049341000    
 S   2
  1        1.200515500        -0.2148420000    
  2       0.1947026000         0.7026114000    
 S   1
  1       0.7427410000E-01      1.000000000    
 P   5
  1        3581.696900        -0.7365900000E-02
  2        846.7443400        -0.5670970000E-01
  3        270.7320800        -0.2363375000    
  4        98.21837200        -0.5060284000    
  5        37.49606700        -0.3626046000    
 P   3
  1        146.3433800         0.2481840000E-01
  2        17.90996300        -0.4961926000    
  3        6.916413200        -0.5744256000    
 P   3
  1        3.080601300         0.4193038000    
  2        1.311968400         0.5289039000    
  3       0.5586859000         0.1391701000    
 P   2
  1       0.3009037000        -0.2999250000    
  2       0.1154273000        -0.5615155000    
 P   1
  1       0.4340330000E-01      1.000000000    
 D   5
  1        354.2403300        -0.1329820000E-01
  2        104.7107500        -0.9432700000E-01
  3        38.60672100        -0.3110782000    
  4        15.37179000        -0.4995839000    
  5        6.092183300        -0.3069138000    
 D   3
  1        4.847198800        -0.2664558000    
  2        1.728756300        -0.5581614000    
  3       0.5654283000        -0.3761591000    
 D   1
  1       0.1540000000          1.000000000    
ANTIMONY     ! (18s,14p,9d) -> [6s,5p,3d]                        
 S   6
  1        256073.3300         0.1607800000E-02
  2        38397.81700         0.1231080000E-01
  3        8714.341500         0.6188220000E-01
  4        2451.051400         0.2157809000    
  5        796.1924700         0.4627403000    
  6        274.0907700         0.3855250000    
 S   3
  1        519.3217400        -0.1138273000    
  2        63.60106500         0.6323345000    
  3        27.51096500         0.4419875000    
 S   3
  1        50.44497400        -0.2673314000    
  2        9.097155500         0.8351708000    
  3        4.160491500         0.3144869000    
 S   3
  1        8.209277400         0.3319585000    
  2        1.870508700        -0.7985220000    
  3       0.8347907000        -0.4027937000    
 S   2
  1        1.326174100        -0.2342429000    
  2       0.2273737000         0.7214225000    
 S   1
  1       0.8777690000E-01      1.000000000    
 P   5
  1        3762.053700         0.7273500000E-02
  2        889.0880800         0.5612610000E-01
  3        284.1540300         0.2349295000    
  4        103.0729400         0.5055388000    
  5        39.38422200         0.3646855000    
 P   3
  1        152.3159800         0.2495550000E-01
  2        18.83057100        -0.4954616000    
  3        7.318269600        -0.5744357000    
 P   3
  1        3.284408000        -0.4228412000    
  2        1.411393400        -0.5285978000    
  3       0.6081456000        -0.1331447000    
 P   2
  1       0.3496818000        -0.3212522000    
  2       0.1392780000        -0.5534051000    
 P   1
  1       0.5402620000E-01      1.000000000    
 D   5
  1        381.5766100         0.1264010000E-01
  2        112.7069400         0.9101250000E-01
  3        41.53102700         0.3060604000    
  4        16.54610900         0.5007823000    
  5        6.577502100         0.3123228000    
 D   3
  1        5.322952200         0.2628088000    
  2        1.937966800         0.5602120000    
  3       0.6551829000         0.3682020000    
 D   1
  1       0.1820000000          1.000000000    
TELLERIUM    ! (18s,14p,9d) -> [6s,5p,3d]                        
 S   6
  1        265467.0400        -0.1613700000E-02
  2        39815.85700        -0.1235020000E-01
  3        9040.222200        -0.6202540000E-01
  4        2544.446900        -0.2160078000    
  5        827.3164400        -0.4625615000    
  6        285.1167500        -0.3852361000    
 S   3
  1        540.4512500         0.1140164000    
  2        66.27054800        -0.6327132000    
  3        28.71637800        -0.4415960000    
 S   3
  1        52.63758800         0.2690376000    
  2        9.536595200        -0.8396225000    
  3        4.367286500        -0.3110886000    
 S   3
  1        8.661985400        -0.3363394000    
  2        1.991554800         0.8048105000    
  3       0.9007850000         0.3990575000    
 S   2
  1        1.455091200         0.2495512000    
  2       0.2602148000        -0.7386960000    
 S   1
  1       0.1019078000          1.000000000    
 P   5
  1        3950.217900        -0.7173700000E-02
  2        933.9326600        -0.5540980000E-01
  3        298.4950000        -0.2330318000    
  4        108.2418000        -0.5049013000    
  5        41.37776300        -0.3675117000    
 P   3
  1        158.4659600        -0.2509890000E-01
  2        19.77174500         0.4949100000    
  3        7.730117700         0.5743177000    
 P   3
  1        3.493815600         0.4266005000    
  2        1.515299500         0.5276961000    
  3       0.6596170000         0.1277185000    
 P   2
  1       0.4064418000         0.3387827000    
  2       0.1625345000         0.5418624000    
 P   1
  1       0.6224560000E-01      1.000000000    
 D   5
  1        405.1688200        -0.1231970000E-01
  2        119.7824400        -0.8928470000E-01
  3        44.18133100        -0.3034428000    
  4        17.63609800        -0.5012430000    
  5        7.044161600        -0.3144661000    
 D   3
  1        5.821466800        -0.2586291000    
  2        2.157956000        -0.5622119000    
  3       0.7487736000        -0.3625221000    
 D   1
  1       0.2120000000          1.000000000    
IODINE       ! (18s,14p,9d) -> [6s,5p,3d]                        
 S   6
  1        274845.4600        -0.1620700000E-02
  2        41233.18800        -0.1239760000E-01
  3        9366.733300        -0.6220070000E-01
  4        2638.408100        -0.2162938000    
  5        858.7744000        -0.4623949000    
  6        296.3025200        -0.3848417000    
 S   3
  1        561.8372200         0.1142284000    
  2        69.04014600        -0.6322909000    
  3        29.98063500        -0.4420179000    
 S   3
  1        54.86968400        -0.2707986000    
  2        9.995458500         0.8426472000    
  3        4.588867800         0.3091657000    
 S   3
  1        9.120825600        -0.3410224000    
  2        2.119678700         0.8100650000    
  3       0.9708925000         0.3967537000    
 S   2
  1        1.587996500         0.2629711000    
  2       0.2953356000        -0.7510412000    
 S   1
  1       0.1164016000          1.000000000    
 P   5
  1        4089.455400        -0.7236600000E-02
  2        967.0335900        -0.5583900000E-01
  3        309.4421300        -0.2340242000    
  4        112.4588600        -0.5047018000    
  5        43.11859000        -0.3659633000    
 P   3
  1        164.6462000        -0.2523300000E-01
  2        20.73658300         0.4944191000    
  3        8.155830400         0.5741462000    
 P   3
  1        3.710487200         0.4299955000    
  2        1.624999000         0.5262371000    
  3       0.7146216000         0.1234063000    
 P   2
  1       0.4628193000         0.3537251000    
  2       0.1864312000         0.5355830000    
 P   1
  1       0.7148350000E-01      1.000000000    
 D   5
  1        417.5032400        -0.1272520000E-01
  2        123.6148300        -0.9152120000E-01
  3        45.77903900        -0.3070989000    
  4        18.39166300        -0.4996397000    
  5        7.421793200        -0.3083066000    
 D   3
  1        6.273858600        -0.2593005000    
  2        2.359414600        -0.5650765000    
  3       0.8377966000        -0.3523694000    
 D   1
  1       0.2440000000          1.000000000    
XENON        ! (18s,14p,9d) -> [6s,5p,3d]                        
 S   6
  1        287346.8700         0.1607100000E-02
  2        43095.30100         0.1230010000E-01
  3        9784.128500         0.6180250000E-01
  4        2753.638400         0.2153881000    
  5        895.4391800         0.4621485000    
  6        308.6236800         0.3863971000    
 S   3
  1        583.9560900        -0.1143846000    
  2        71.78511000         0.6332253000    
  3        31.21570400         0.4410587000    
 S   3
  1        57.17189000        -0.2722831000    
  2        10.45042100         0.8478492000    
  3        4.796343200         0.3049036000    
 S   3
  1        9.601404400        -0.3450486000    
  2        2.245144700         0.8196190000    
  3        1.038242700         0.3896311000    
 S   2
  1        1.726128600         0.2745400000    
  2       0.3319892000        -0.7609475000    
 S   1
  1       0.1311516000          1.000000000    
 P   5
  1        4259.572000         0.7216200000E-02
  2        1007.476000         0.5568170000E-01
  3        322.5573100         0.2335722000    
  4        117.3065700         0.5044039000    
  5        45.04384900         0.3665276000    
 P   3
  1        171.1608300        -0.2539230000E-01
  2        21.71036300         0.4944531000    
  3        8.586272000         0.5735099000    
 P   3
  1        3.927820900        -0.4347689000    
  2        1.734725500        -0.5241963000    
  3       0.7693813000        -0.1184808000    
 P   2
  1       0.5217671000         0.3639488000    
  2       0.2123886000         0.5302511000    
 P   1
  1       0.8178090000E-01      1.000000000    
 D   5
  1        443.5452000        -0.1232780000E-01
  2        131.5612000        -0.8916270000E-01
  3        19.66012300        -0.4998401000    
  4        48.81639500        -0.3025428000    
  5        7.956441900        -0.3134045000    
 D   3
  1        6.824538500        -0.2537549000    
  2        2.604977000        -0.5660708000    
  3       0.9422192000        -0.3511078000    
 D   1
  1       0.2750000000          1.000000000    

------------------------------------------------------------------------

    * Descriptive Information about DZVP (DFT Orbital) <javascript:void(0)>
