H   
S    0       2  1   -   1  0
     3.42525091400000        0.154328967294599    
    0.623913729800000        0.535328142281266    
    0.168855404000000        0.444634542184440    
****
He  
S    0       3   -   1
     6.36242139400000        0.154328967291452    
     1.15892299900000        0.535328142270350    
    0.313649791500000        0.444634542175373    
****
Li  
S    0       3   -   1
     16.1195747500000        0.154328967293323    
     2.93620066300000        0.535328142276839    
    0.794650487000000        0.444634542180763    
SP   0       1  2   -   1  0
    0.636289746900000       -9.996722918659862E-02    0.155916274998087    
    0.147860053300000        0.399512826086407        0.607683718592546    
    4.808867840000000E-02    0.700115468876179        0.391957393095192    
****
Be  
S    0       3   -   3
     30.1678706900000        0.154328967293291    
     5.49511530600000        0.535328142276728    
     1.48719265300000        0.444634542180671    
SP   0       2  1   -   1  0
     1.31483311000000       -9.996722918730500E-02    0.155916275000459    
    0.305538938300000        0.399512826089230        0.607683718601791    
    9.937074560000000E-02    0.700115468881126        0.391957393101155    
****
B   
S    0       3   -   4
     48.7911131800000        0.154328967294700    
     8.88736217200000        0.535328142281617    
     2.40526704000000        0.444634542184731    
SP   0       2  1   -   1  0
     2.23695614200000       -9.996722918619445E-02    0.155916275000437    
    0.519820499900000        0.399512826084791        0.607683718601703    
    0.169061760000000        0.700115468873348        0.391957393101098    
****
C   
S    0       3   -   4
     71.6168373500000        0.154328967293304    
     13.0450963200000        0.535328142276773    
     3.53051216000000        0.444634542180708    
SP   0       2  1   -   1  0
     2.94124935500000       -9.996722918706563E-02    0.155916274998593    
    0.683483096400000        0.399512826088273        0.607683718594517    
    0.222289915900000        0.700115468879449        0.391957393096463    
****
N   
S    0       3   -   4
     99.1061689600000        0.154328967295962    
     18.0523123900000        0.535328142285993    
     4.88566023800000        0.444634542188367    
SP   0       2  1   -   2  0
     3.78045587900000       -9.996722918772732E-02    0.155916274999114    
    0.878496644900000        0.399512826090917        0.607683718596546    
    0.285714374400000        0.700115468884083        0.391957393097772    
****
O   
S    0       3   -   4
     130.709321400000        0.154328967296257    
     23.8088660500000        0.535328142287015    
     6.44360831300000        0.444634542189215    
SP   0       3   -   1
     5.03315131900000       -9.996722918837482E-02    0.155916275001555    
     1.16959612500000        0.399512826093505        0.607683718606062    
    0.380388960000000        0.700115468888618        0.391957393103910    
****
F   
S    0       3   -   4
     166.679134000000        0.154328967291879    
     30.3608123300000        0.535328142271830    
     8.21682067200000        0.444634542176603    
SP   0       3   -   1
     6.46480324900000       -9.996722918871022E-02    0.155916275000626    
     1.50228124500000        0.399512826094846        0.607683718602442    
    0.488588486400000        0.700115468890967        0.391957393101575    
****
Ne  
S    0       3   -   4
     207.015607000000        0.154328967301287    
     37.7081512400000        0.535328142304465    
     10.2052973100000        0.444634542203709    
SP   0       3   -   1
     8.24631512000000       -9.996722918732709E-02    0.155916274998425    
     1.91626629100000        0.399512826089318        0.607683718593862    
    0.623229272100000        0.700115468881280        0.391957393096041    
****
Na  
S    0       3   -   4
     250.772430000000        0.154328967296536    
     45.6785111700000        0.535328142287984    
     12.3623877600000        0.444634542190020    
SP   0       3   -   2
     12.0401927400000       -9.996722918724542E-02    0.155916275003005    
     2.79788185900000        0.399512826088992        0.607683718611712    
    0.909958017000000        0.700115468880708        0.391957393107554    
SP   0       2  1   -   1  0
     1.47874062200000       -0.219620369001739        1.058760428931643E-02
    0.412564880100000        0.225595433601786        0.595167005261574    
    0.161475097900000        0.900398426007129        0.462001011970172    
D    1       1   -   0
    9.000000000000000E-02     1.00000000000000    
****
Mg  
S    0       3   -   4
     299.237413700000        0.154328967294303    
     54.5064684500000        0.535328142280238    
     14.7515775200000        0.444634542183586    
SP   0       3   -   3
     15.1218235200000       -9.996722918286671E-02    0.155916274993202    
     3.51398657900000        0.399512826071492        0.607683718573504    
     1.14285749800000        0.700115468850042        0.391957393082910    
SP   0       2  1   -   1  0
     1.39544829300000       -0.219620369004560        1.058760428909760E-02
    0.389326531800000        0.225595433604684        0.595167005249273    
    0.152379765900000        0.900398426018695        0.462001011960623    
D    1       1   -   0
    9.000000000000000E-02     1.00000000000000    
****
Al  
S    0       3   -   4
     351.421476700000        0.154328967294168    
     64.0118606700000        0.535328142279771    
     17.3241076100000        0.444634542183198    
SP   0       3   -   3
     18.8993962100000       -9.996722918670559E-02    0.155916275001162    
     4.39181323300000        0.399512826086834        0.607683718604528    
     1.42835397000000        0.700115468876928        0.391957393102921    
SP   0       2  1   -   1  0
     1.39544829300000       -0.219620369004560        1.058760428909760E-02
    0.389326531800000        0.225595433604684        0.595167005249273    
    0.152379765900000        0.900398426018695        0.462001011960623    
D    1       1   -   1
    0.390000000000000         1.00000000000000    
****
Si  
S    0       3   -   4
     407.797551400000        0.154328967294821    
     74.2808330500000        0.535328142282034    
     20.1032922900000        0.444634542185078    
SP   0       3   -   4
     23.1936560600000       -9.996722918774764E-02    0.155916275003159    
     5.38970687100000        0.399512826090998        0.607683718612312    
     1.75289995200000        0.700115468884226        0.391957393107941    
SP   0       2  1   -   1  0
     1.47874062200000       -0.219620369001739        1.058760428931643E-02
    0.412564880100000        0.225595433601786        0.595167005261574    
    0.161475097900000        0.900398426007129        0.462001011970172    
D    1       1   -   1
    0.390000000000000         1.00000000000000    
****
P   
S    0       3   -   4
     468.365637800000        0.154328967295958    
     85.3133855900000        0.535328142285981    
     23.0891315600000        0.444634542188356    
SP   0       3   -   4
     28.0326395800000       -9.996722918658349E-02    0.155916274995205    
     6.51418257700000        0.399512826086346        0.607683718581310    
     2.11861435200000        0.700115468876072        0.391957393087945    
SP   0       2  1   -   1  0
     1.74310323100000       -0.219620369005390        1.058760428955868E-02
    0.486321377100000        0.225595433605537        0.595167005275192    
    0.190342890900000        0.900398426022098        0.462001011980743    
D    1       1   -   1
    0.390000000000000         1.00000000000000    
****
S   
S    0       3   -   4
     533.125735900000        0.154328967298178    
     97.1095183000000        0.535328142293680    
     26.2816254200000        0.444634542194750    
SP   0       3   -   4
     33.3297517300000       -9.996722918817187E-02    0.155916275002646    
     7.74511752100000        0.399512826092694        0.607683718610314    
     2.51895259900000        0.700115468887197        0.391957393106653    
SP   0       2  1   -   1  0
     2.02919427400000       -0.219620369001556        1.058760428955649E-02
    0.566140051800000        0.225595433601599        0.595167005275069    
    0.221583379200000        0.900398426006380        0.462001011980647    
D    1       1   -   1
    0.390000000000000         1.00000000000000    
****
Cl  
S    0       3   -   4
     601.345613600000        0.154328967297742    
     109.535854200000        0.535328142292166    
     29.6446768600000        0.444634542193493    
SP   0       3   -   4
     38.9604188900000       -9.996722918677720E-02    0.155916274999504    
     9.05356347700000        0.399512826087120        0.607683718598065    
     2.94449983400000        0.700115468877429        0.391957393098752    
SP   0       2  1   -   1  0
     2.12938649500000       -0.219620369008139        1.058760428928742E-02
    0.594093427400000        0.225595433608361        0.595167005259944    
    0.232524141000000        0.900398426033369        0.462001011968906    
D    1       1   -   1
    0.390000000000000         1.00000000000000    
****
Ar  
S    0       3   -   4
     674.446518400000        0.154328967297331    
     122.851275300000        0.535328142290740    
     33.2483494500000        0.444634542192309    
SP   0       3   -   4
     45.1642439200000       -9.996722919081658E-02    0.155916275004200    
     10.4951990000000        0.399512826103263        0.607683718616370    
     3.41336444800000        0.700115468905719        0.391957393110558    
SP   0       2  1   -   1  0
     2.62136651800000       -0.219620369006113        1.058760428938499E-02
    0.731354605000000        0.225595433606279        0.595167005265428    
    0.286247235600000        0.900398426025061        0.462001011973163    
D    1       1   -   1
    0.390000000000000         1.00000000000000    
****
K   
S    0       3   -   4
     771.510368100000        0.154328967293360    
     140.531576600000        0.535328142276968    
     38.0333289900000        0.444634542180870    
SP   0       3   -   4
     52.4020397900000       -9.996722918487348E-02    0.155916274997113    
     12.1771071000000        0.399512826079512        0.607683718588750    
     3.96037316500000        0.700115468864097        0.391957393092744    
SP   0       3   -   1
     3.65158398500000       -0.219620368999861        1.058760428922071E-02
     1.01878266300000        0.225595433599857        0.595167005256193    
    0.398744629500000        0.900398425999429        0.462001011965995    
SP   0       1  2   -   1  0
    0.503982250500000       -0.308844121380032       -0.121546859993190    
    0.186001146500000        1.960641165238404E-02    0.571522760367981    
    8.214006743000000E-02     1.13103444156066        0.549894947069193    
D    1       1   -   1
    0.390000000000000         1.00000000000000    
****
Ca  
S    0       3   -   4
     854.032495100000        0.154328967296751    
     155.563085100000        0.535328142288729    
     42.1014417900000        0.444634542190638    
SP   0       3   -   4
     59.5602994400000       -9.996722918547631E-02    0.155916274997143    
     13.8405327000000        0.399512826081921        0.607683718588866    
     4.50137079700000        0.700115468868319        0.391957393092819    
SP   0       3   -   1
     4.37470625600000       -0.219620368998449        1.058760428910492E-02
     1.22053194100000        0.225595433598406        0.595167005249685    
    0.477707929600000        0.900398425993640        0.462001011960942    
SP   0       1  2   -   1  0
    0.455848975700000       -0.308844121383586       -0.121546859999080    
    0.168236941000000        1.960641165260966E-02    0.571522760395673    
    7.429520696000000E-02     1.13103444157367        0.549894947095837    
D    1       1   -   1
    0.390000000000000         1.00000000000000    
****
Sc  
S    0       3   -   4
     941.662425000000        0.154328967295306    
     171.524986200000        0.535328142283718    
     46.4213551600000        0.444634542186476    
SP   0       3   -   4
     67.1766877100000       -9.996722918613003E-02    0.155916274996512    
     15.6104175400000        0.399512826084534        0.607683718586403    
     5.07699227800000        0.700115468872897        0.391957393091230    
SP   0       3   -   1
     4.69815923100000       -0.227763502298862        4.951511154876051E-03
     1.43308831300000        0.217543604398913        0.577766469085537    
    0.552930023500000        0.916676961095418        0.484646036587868    
D    0       1  2   -   1  0
    0.551700067900000        0.219767950802031    
    0.168286105500000        0.655547362706060    
    6.493001120000000E-02    0.286573259002649    
SP   0       1  2   -   1  0
    0.630932838400000       -0.308844121387699       -0.121546859997486    
    0.232853897600000        1.960641165287076E-02    0.571522760388178    
    0.102830736300000         1.13103444158874        0.549894947088625    
D    1       1   -   1
    0.390000000000000         1.00000000000000    
****
Ti  
S    0       3   -   4
     1033.57124500000        0.154328967293017    
     188.266292600000        0.535328142275778    
     50.9522060100000        0.444634542179882    
SP   0       3   -   4
     75.2512046000000       -9.996722918922582E-02    0.155916275001815    
     17.4867616200000        0.399512826096906        0.607683718607074    
     5.68723760600000        0.700115468894578        0.391957393104563    
SP   0       3   -   1
     5.39553547400000       -0.227763502308222        4.951511155255483E-03
     1.64581029600000        0.217543604407853        0.577766469129811    
    0.635004777300000        0.916676961133091        0.484646036625006    
D    0       2  1   -   1  0
     1.64598119400000        0.219767950794043    
    0.502076727900000        0.655547362682231    
    0.193716810300000        0.286573258992232    
SP   0       1  2   -   1  0
    0.712264024600000       -0.308844121387048       -0.121546859994940    
    0.262870220300000        1.960641165282947E-02    0.571522760376209    
    0.116086260900000         1.13103444158635        0.549894947077109    
D    1       1   -   1
    0.390000000000000         1.00000000000000    
****
V   
S    0       3   -   4
     1130.76251700000        0.154328967295024    
     205.969804100000        0.535328142282741    
     55.7434671100000        0.444634542185665    
SP   0       3   -   4
     83.7838501100000       -9.996722918570657E-02    0.155916274997505    
     19.4695649300000        0.399512826082841        0.607683718590275    
     6.33210678400000        0.700115468869931        0.391957393093727    
SP   0       3   -   1
     6.14115127600000       -0.227763502306102        4.951511155145060E-03
     1.87324688100000        0.217543604405828        0.577766469116926    
    0.722756882500000        0.916676961124556        0.484646036614198    
D    0       3   -   1
     2.96481792700000        0.219767950804853    
    0.904363967600000        0.655547362714475    
    0.348931733700000        0.286573259006328    
SP   0       1  2   -   1  0
    0.712264024600000       -0.308844121387048       -0.121546859994940    
    0.262870220300000        1.960641165282947E-02    0.571522760376209    
    0.116086260900000         1.13103444158635        0.549894947077109    
D    1       1   -   1
    0.390000000000000         1.00000000000000    
****
Cr  
S    0       3   -   4
     1232.32045000000        0.154328967295923    
     224.468708200000        0.535328142285859    
     60.7499925100000        0.444634542188255    
SP   0       3   -   4
     92.7746242300000       -9.996722918883467E-02    0.155916274999891    
     21.5588274900000        0.399512826095343        0.607683718599574    
     7.01159981000000        0.700115468891839        0.391957393099725    
SP   0       3   -   2
     6.89948809600000       -0.227763502304840        4.951511155018482E-03
     2.10456378200000        0.217543604404623        0.577766469102157    
    0.812006134300000        0.916676961119478        0.484646036601809    
D    0       3   -   1
     4.24147924100000        0.219767950800587    
     1.29378636000000        0.655547362701750    
    0.499182999300000        0.286573259000765    
SP   0       1  2   -   1  0
    0.754778053700000       -0.308844121383114       -0.121546859996355    
    0.278560570800000        1.960641165257972E-02    0.571522760382863    
    0.123015285100000         1.13103444157195        0.549894947083511    
D    1       1   -   1
    0.390000000000000         1.00000000000000    
****
Mn  
S    0       3   -   4
     1337.15326600000        0.154328967296190    
     243.564136500000        0.535328142286785    
     65.9179606200000        0.444634542189024    
SP   0       3   -   4
     102.022002100000       -9.996722918801479E-02    0.155916275001663    
     23.7077192300000        0.399512826092066        0.607683718606484    
     7.71048609800000        0.700115468886097        0.391957393104182    
SP   0       3   -   2
     7.70196092200000       -0.227763502306404        4.951511155119491E-03
     2.34934357200000        0.217543604406117        0.577766469113943    
    0.906449786900000        0.916676961125776        0.484646036611696    
D    0       3   -   1
     5.42695046100000        0.219767950802102    
     1.65539286800000        0.655547362706271    
    0.638702031600000        0.286573259002741    
SP   0       1  2   -   1  0
    0.670982286100000       -0.308844121372975       -0.121546860005788    
    0.247634662600000        1.960641165193605E-02    0.571522760427214    
    0.109358077900000         1.13103444153482        0.549894947126184    
D    1       1   -   1
    0.390000000000000         1.00000000000000    
****
Fe  
S    0       3   -   4
     1447.40041100000        0.154328967296161    
     263.645791600000        0.535328142286683    
     71.3528401900000        0.444634542188939    
SP   0       3   -   4
     111.919489100000       -9.996722918899470E-02    0.155916275001853    
     26.0076823600000        0.399512826095982        0.607683718607220    
     8.45850549000000        0.700115468892959        0.391957393104657    
SP   0       3   -   3
     8.54856975400000       -0.227763502303499        4.951511155335995E-03
     2.60758625000000        0.217543604403342        0.577766469139205    
     1.00608784000000        0.916676961114081        0.484646036632887    
D    0       3   -   1
     6.41180347500000        0.219767950801055    
     1.95580442800000        0.655547362703148    
    0.754610150800000        0.286573259001376    
SP   0       1  2   -   1  0
    0.592115681400000       -0.308844121377640       -0.121546860001063    
    0.218527925400000        1.960641165223216E-02    0.571522760405000    
    9.650423589999998E-02     1.13103444155190        0.549894947104811    
D    1       1   -   1
    0.390000000000000         1.00000000000000    
****
Co  
S    0       3   -   4
     1557.29870400000        0.154328967293391    
     283.663902900000        0.535328142277076    
     76.7705223400000        0.444634542180959    
SP   0       3   -   4
     121.834474100000       -9.996722918827877E-02    0.155916275002948    
     28.3117116400000        0.399512826093121        0.607683718611491    
     9.20784732100000        0.700115468887946        0.391957393107412    
SP   0       3   -   3
     9.48085167800000       -0.227763502302949        4.951511155081116E-03
     2.89196195200000        0.217543604402816        0.577766469109465    
     1.11580882700000        0.916676961111866        0.484646036607939    
D    0       3   -   2
     7.66452738900000        0.219767950798628    
     2.33792515100000        0.655547362695908    
    0.902044205200000        0.286573258998211    
SP   0       1  2   -   1  0
    0.592115681400000       -0.308844121377640       -0.121546860001063    
    0.218527925400000        1.960641165223216E-02    0.571522760405000    
    9.650423589999998E-02     1.13103444155190        0.549894947104811    
D    1       1   -   1
    0.390000000000000         1.00000000000000    
****
Ni  
S    0       3   -   4
     1679.77102800000        0.154328967296317    
     305.972389600000        0.535328142287223    
     82.8080694300000        0.444634542189388    
SP   0       3   -   4
     132.858889900000       -9.996722918746151E-02    0.155916275002681    
     30.8735487800000        0.399512826089855        0.607683718610451    
     10.0410362700000        0.700115468882222        0.391957393106741    
SP   0       3   -   3
     10.3307433500000       -0.227763502312574        4.951511155225004E-03
     3.15120600300000        0.217543604412010        0.577766469126255    
     1.21583324100000        0.916676961150606        0.484646036622023    
D    0       3   -   3
     8.62772275500000        0.219767950796109    
     2.63173043800000        0.655547362688395    
     1.01540341900000        0.286573258994927    
SP   0       1  2   -   1  0
    0.630932838400000       -0.308844121387699       -0.121546859997486    
    0.232853897600000        1.960641165287076E-02    0.571522760388178    
    0.102830736300000         1.13103444158874        0.549894947088625    
D    1       1   -   1
    0.390000000000000         1.00000000000000    
****
Cu  
S    0       3   -   4
     1801.80673000000        0.154328967294732    
     328.201345000000        0.535328142281727    
     88.8240922800000        0.444634542184822    
SP   0       3   -   4
     144.121218400000       -9.996722918827131E-02    0.155916274999290    
     33.4906717300000        0.399512826093091        0.607683718597231    
     10.8922058800000        0.700115468887893        0.391957393098214    
SP   0       3   -   3
     11.3077540200000       -0.227763502305091        4.951511155258053E-03
     3.44922539700000        0.217543604404863        0.577766469130111    
     1.33081838800000        0.916676961120490        0.484646036625258    
D    0       3   -   3
     9.64791193000000        0.219767950809234    
     2.94292065400000        0.655547362727543    
     1.13547027800000        0.286573259012040    
SP   0       1  2   -   1  0
    0.630932838400000       -0.308844121387699       -0.121546859997486    
    0.232853897600000        1.960641165287076E-02    0.571522760388178    
    0.102830736300000         1.13103444158874        0.549894947088625    
D    1       1   -   1
    0.390000000000000         1.00000000000000    
****
Zn  
S    0       3   -   4
     1929.43230100000        0.154328967297117    
     351.448502100000        0.535328142290000    
     95.1156802100000        0.444634542191694    
SP   0       3   -   4
     155.841675500000       -9.996722918611510E-02    0.155916274990757    
     36.2142539100000        0.399512826084474        0.607683718563976    
     11.7779993400000        0.700115468872792        0.391957393076765    
SP   0       3   -   3
     12.2815274400000       -0.227763502300926        4.951511155158835E-03
     3.74625732700000        0.217543604400884        0.577766469118534    
     1.44542254100000        0.916676961103725        0.484646036615547    
D    0       3   -   3
     10.9473707700000        0.219767950810458    
     3.33929701800000        0.655547362731195    
     1.28840460200000        0.286573259013637    
SP   0       2  1   -   1  0
    0.889713885400000       -0.308844121390618       -0.121546859994138    
    0.328360379000000        1.960641165305610E-02    0.571522760372436    
    0.145007405500000         1.13103444159943        0.549894947073479    
D    1       1   -   1
    0.390000000000000         1.00000000000000    
****
Ga  
S    0       3   -   4
     2061.42453200000        0.154328967299151    
     375.491051700000        0.535328142297055    
     101.622532400000        0.444634542197554    
SP   0       3   -   4
     167.761868000000       -9.996722918542204E-02    0.155916274995264    
     38.9842502800000        0.399512826081704        0.607683718581540    
     12.6788881300000        0.700115468867938        0.391957393088093    
SP   0       3   -   3
     12.6150552000000       -0.227763502311670        4.951511155185814E-03
     3.84799392700000        0.217543604411147        0.577766469121682    
     1.48467568400000        0.916676961146970        0.484646036618187    
D    0       3   -   3
     12.6150552000000        0.219767950795721    
     3.84799392700000        0.655547362687236    
     1.48467568400000        0.286573258994420    
SP   0       1  2   -   1  0
    0.798524373600000       -0.308844121380026       -0.121546859997086    
    0.294705714100000        1.960641165238365E-02    0.571522760386298    
    0.130145150600000         1.13103444156064        0.549894947086817    
D    1       1   -   1
    0.390000000000000         1.00000000000000    
****
Ge  
S    0       3   -   4
     2196.38422900000        0.154328967288632    
     400.074129200000        0.535328142260566    
     108.275672600000        0.444634542167247    
SP   0       3   -   4
     180.389038000000       -9.996722918791438E-02    0.155916274998566    
     41.9185330400000        0.399512826091665        0.607683718594410    
     13.6332079500000        0.700115468885393        0.391957393096395    
SP   0       3   -   4
     14.1966561900000       -0.227763502308929        4.951511155045447E-03
     4.33043264000000        0.217543604408529        0.577766469105303    
     1.67081553800000        0.916676961135938        0.484646036604448    
D    0       3   -   4
     14.1966561900000        0.219767950793016    
     4.33043264000000        0.655547362679168    
     1.67081553800000        0.286573258990893    
SP   0       2  1   -   1  0
    0.985832560000000       -0.308844121374038       -0.121546860002688    
    0.363834215000000        1.960641165200354E-02    0.571522760412641    
    0.160673025400000         1.13103444153871        0.549894947112162    
D    1       1   -   1
    0.390000000000000         1.00000000000000    
****
As  
S    0       3   -   4
     2337.06567300000        0.154328967288319    
     425.699429800000        0.535328142259483    
     115.210879000000        0.444634542166348    
SP   0       3   -   4
     193.197053500000       -9.996722918702798E-02    0.155916274995148    
     44.8948404000000        0.399512826088122        0.607683718581089    
     14.6011954800000        0.700115468879186        0.391957393087802    
SP   0       3   -   4
     15.8716358400000       -0.227763502300719        4.951511155152205E-03
     4.84135481900000        0.217543604400686        0.577766469117760    
     1.86794519800000        0.916676961102892        0.484646036614898    
D    0       3   -   4
     15.8716358400000        0.219767950806862    
     4.84135481900000        0.655547362720469    
     1.86794519800000        0.286573259008948    
SP   0       2  1   -   1  0
     1.10768146400000       -0.308844121397186       -0.121546859997682    
    0.408804123900000        1.960641165347302E-02    0.571522760389100    
    0.180532211400000         1.13103444162348        0.549894947089512    
D    1       1   -   1
    0.390000000000000         1.00000000000000    
****
Se  
S    0       3   -   4
     2480.62681400000        0.154328967299615    
     451.849270800000        0.535328142298665    
     122.288046400000        0.444634542198891    
SP   0       3   -   4
     206.157878000000       -9.996722918740610E-02    0.155916275000293    
     47.9066572700000        0.399512826089634        0.607683718601142    
     15.5807318000000        0.700115468881834        0.391957393100737    
SP   0       3   -   4
     17.6399941400000       -0.227763502302127        4.951511154969656E-03
     5.38076046500000        0.217543604402032        0.577766469096459    
     2.07606466600000        0.916676961108562        0.484646036597030    
D    0       3   -   4
     17.6399941400000        0.219767950797649    
     5.38076046500000        0.655547362692989    
     2.07606466600000        0.286573258996935    
SP   0       2  1   -   1  0
     1.21464429700000       -0.308844121379741       -0.121546860003288    
    0.448280136300000        1.960641165236560E-02    0.571522760415459    
    0.197965234600000         1.13103444155959        0.549894947114874    
D    1       1   -   1
    0.390000000000000         1.00000000000000    
****
Br  
S    0       3   -   4
     2629.99747100000        0.154328967297473    
     479.057322400000        0.535328142291236    
     129.651607000000        0.444634542192721    
SP   0       3   -   4
     219.835025500000       -9.996722918635349E-02    0.155916274994980    
     51.0849322200000        0.399512826085427        0.607683718580435    
     16.6144054600000        0.700115468874462        0.391957393087380    
SP   0       3   -   4
     19.5017310900000       -0.227763502307140        4.951511154994174E-03
     5.94864957700000        0.217543604406820        0.577766469099320    
     2.29517394000000        0.916676961128738        0.484646036599430    
D    0       3   -   4
     19.5017310900000        0.219767950792930    
     5.94864957700000        0.655547362678911    
     2.29517394000000        0.286573258990781    
SP   0       2  1   -   1  0
     1.39603748800000       -0.308844121383417       -0.121546859999809    
    0.515225631800000        1.960641165259896E-02    0.571522760399100    
    0.227529071300000         1.13103444157306        0.549894947099134    
D    1       1   -   1
    0.390000000000000         1.00000000000000    
****
Kr  
S    0       3   -   4
     2782.16005500000        0.154328967294270    
     506.773927000000        0.535328142280123    
     137.152801900000        0.444634542183491    
SP   0       3   -   4
     233.951411800000       -9.996722918670767E-02    0.155916274996893    
     54.3652768100000        0.399512826086842        0.607683718587892    
     17.6812753300000        0.700115468876942        0.391957393092190    
SP   0       3   -   4
     21.4568467100000       -0.227763502301643        4.951511155036112E-03
     6.54502215600000        0.217543604401569        0.577766469104214    
     2.52527302100000        0.916676961106613        0.484646036603535    
D    0       3   -   4
     21.4568467100000        0.219767950800970    
     6.54502215600000        0.655547362702895    
     2.52527302100000        0.286573259001265    
SP   0       2  1   -   1  0
     1.59004933600000       -0.308844121378251       -0.121546859998927    
    0.586828205300000        1.960641165227096E-02    0.571522760394956    
    0.259149522700000         1.13103444155413        0.549894947095146    
D    1       1   -   1
    0.390000000000000         1.00000000000000    
****
Rb  
S    0       3   -   4
     2938.60152900000        0.154328967296948    
     535.269936800000        0.535328142289413    
     144.864934200000        0.444634542191207    
SP   0       3   -   4
     248.507036900000       -9.996722918626504E-02    0.155916274996859    
     57.7476910500000        0.399512826085073        0.607683718587757    
     18.7813414200000        0.700115468873842        0.391957393092103    
SP   0       3   -   4
     23.5053409700000       -0.227763502307809        4.951511154997632E-03
     7.16987820100000        0.217543604407459        0.577766469099724    
     2.76636190900000        0.916676961131430        0.484646036599768    
D    0       3   -   4
     23.5053409700000        0.219767950792308    
     7.16987820100000        0.655547362677056    
     2.76636190900000        0.286573258989970    
SP   0       3   -   1
     2.24779682000000       -0.308844121382001       -0.121546859997276    
    0.829578393500000        1.960641165250906E-02    0.571522760387190    
    0.366350565300000         1.13103444156787        0.549894947087675    
SP   0       1  2   -   1  0
    0.486993991900000       -0.384264260807863       -0.348169152573524    
    0.262216156500000       -0.197256743855370        0.629032368952166    
    0.115825487500000         1.37549551238610        0.666283274249333    
D    1       1   -   1
    0.390000000000000         1.00000000000000    
****
Sr  
S    0       3   -   4
     3100.98395100000        0.154328967293423    
     564.848097800000        0.535328142277187    
     152.869938900000        0.444634542181052    
SP   0       3   -   4
     263.501900700000       -9.996722918812552E-02    0.155916274999591    
     61.2321749300000        0.399512826092509        0.607683718598408    
     19.9146037200000        0.700115468886872        0.391957393098973    
SP   0       3   -   4
     25.5788669200000       -0.227763502307646        4.951511155207816E-03
     7.80236970700000        0.217543604407303        0.577766469124249    
     3.01039679400000        0.916676961130774        0.484646036620341    
D    0       3   -   4
     25.5788669200000        0.219767950801245    
     7.80236970700000        0.655547362703712    
     3.01039679400000        0.286573259001623    
SP   0       3   -   1
     2.46103240300000       -0.308844121377993       -0.121546859996747    
    0.908275734200000        1.960641165225460E-02    0.571522760384706    
    0.401104140700000         1.13103444155319        0.549894947085285    
SP   0       1  2   -   1  0
    0.437080480300000       -0.384264260755880       -0.348169152593334    
    0.235340816400000       -0.197256743828685        0.629032368987956    
    0.103954177100000         1.37549551220002        0.666283274287243    
D    1       1   -   1
    0.390000000000000         1.00000000000000    
****
Y   
S    0       3   -   4
     3266.02686900000        0.154328967295336    
     594.910871200000        0.535328142283823    
     161.006098600000        0.444634542186563    
SP   0       3   -   4
     277.937724400000       -9.996722918784341E-02    0.155916275002636    
     64.5867498900000        0.399512826091381        0.607683718610273    
     21.0056156100000        0.700115468884896        0.391957393106626    
SP   0       3   -   4
     28.9623841700000       -0.227763502302169        4.951511155120157E-03
     8.83445031100000        0.217543604402071        0.577766469114020    
     3.40860557700000        0.916676961108729        0.484646036611761    
D    0       3   -   4
     28.9623841700000        0.219767950803867    
     8.83445031100000        0.655547362711536    
     3.40860557700000        0.286573259005043    
SP   0       3   -   1
     2.52727488400000       -0.330610062630098       -0.128392763402005    
    0.984107740100000        5.761095337524484E-02    0.585204764109137    
    0.433206649900000         1.11557874510156        0.543944204008493    
D    0       1  2   -   1  0
    0.457632391800000        0.125066213803350    
    0.178199681300000        0.668678557717910    
    7.844393842000000E-02    0.305246824508176    
SP   0       1  2   -   1  0
    0.437080480300000       -0.384264260755880       -0.348169152593334    
    0.235340816400000       -0.197256743828685        0.629032368987956    
    0.103954177100000         1.37549551220002        0.666283274287243    
D    1       1   -   1
    0.390000000000000         1.00000000000000    
****
Zr  
S    0       3   -   4
     3435.34867700000        0.154328967293716    
     625.753049800000        0.535328142278202    
     169.353195800000        0.444634542181895    
SP   0       3   -   4
     293.783029200000       -9.996722918742947E-02    0.155916274999280    
     68.2688579700000        0.399512826089727        0.607683718597192    
     22.2031514400000        0.700115468881997        0.391957393098189    
SP   0       3   -   4
     30.7329310300000       -0.227763502303597        4.951511155098625E-03
     9.37452353800000        0.217543604403436        0.577766469111508    
     3.61698261800000        0.916676961114478        0.484646036609653    
D    0       3   -   4
     30.7329310300000        0.219767950801335    
     9.37452353800000        0.655547362703983    
     3.61698261800000        0.286573259001741    
SP   0       3   -   1
     2.82760781500000       -0.330610062636863       -0.128392763405584    
     1.10105582700000        5.761095337642366E-02    0.585204764125452    
    0.484687485600000         1.11557874512439        0.543944204023657    
D    0       2  1   -   1  0
    0.887830188700000        0.125066213802457    
    0.345716473600000        0.668678557713136    
    0.152185242800000        0.305246824505996    
SP   0       1  2   -   1  0
    0.486993991900000       -0.384264260807863       -0.348169152573524    
    0.262216156500000       -0.197256743855370        0.629032368952166    
    0.115825487500000         1.37549551238610        0.666283274249333    
D    1       1   -   1
    0.390000000000000         1.00000000000000    
****
Nb  
S    0       3   -   4
     3610.74286400000        0.154328967295800    
     657.701320100000        0.535328142285433    
     177.999644500000        0.444634542187901    
SP   0       3   -   4
     310.067572800000       -9.996722918802395E-02    0.155916275001241    
     72.0530356900000        0.399512826092103        0.607683718604837    
     23.4338834800000        0.700115468886161        0.391957393103120    
SP   0       3   -   4
     33.0199785800000       -0.227763502307668        4.951511155174109E-03
     10.0721459400000        0.217543604407324        0.577766469120316    
     3.88614702800000        0.916676961130861        0.484646036617041    
D    0       3   -   4
     33.0199785800000        0.219767950799817    
     10.0721459400000        0.655547362699453    
     3.88614702800000        0.286573258999761    
SP   0       3   -   1
     3.14479843000000       -0.330610062631071       -0.128392763400180    
     1.22456820800000        5.761095337541437E-02    0.585204764100820    
    0.539057939900000         1.11557874510484        0.543944204000762    
D    0       2  1   -   1  0
     1.34487886600000        0.125066213809359    
    0.523688859400000        0.668678557750036    
    0.230529125100000        0.305246824522841    
SP   0       1  2   -   1  0
    0.486993991900000       -0.384264260807863       -0.348169152573524    
    0.262216156500000       -0.197256743855370        0.629032368952166    
    0.115825487500000         1.37549551238610        0.666283274249333    
D    1       1   -   1
    0.390000000000000         1.00000000000000    
****
Mo  
S    0       3   -   4
     3788.66611500000        0.154328967292247    
     690.110262300000        0.535328142273109    
     186.770769100000        0.444634542177665    
SP   0       3   -   4
     326.430956700000       -9.996722918841766E-02    0.155916275002675    
     75.8555342000000        0.399512826093676        0.607683718610427    
     24.6705740100000        0.700115468888918        0.391957393106726    
SP   0       3   -   4
     35.4694812900000       -0.227763502305279        4.951511155097976E-03
     10.8193223400000        0.217543604405042        0.577766469111432    
     4.17443091200000        0.916676961121246        0.484646036609590    
D    0       3   -   4
     35.4694812900000        0.219767950799382    
     10.8193223400000        0.655547362698158    
     4.17443091200000        0.286573258999195    
SP   0       3   -   1
     3.49689518800000       -0.330610062640574       -0.128392763404625    
     1.36167286100000        5.761095337707020E-02    0.585204764121080    
    0.599411745600000         1.11557874513691        0.543944204019594    
D    0       2  1   -   1  0
     1.70211231500000        0.125066213808245    
    0.662793712700000        0.668678557744082    
    0.291763424000000        0.305246824520123    
SP   0       1  2   -   1  0
    0.512962508100000       -0.384264260769160       -0.348169152587558    
    0.276198597000000       -0.197256743835503        0.629032368977521    
    0.122001777300000         1.37549551224756        0.666283274276190    
D    1       1   -   1
    0.390000000000000         1.00000000000000    
****
Tc  
S    0       3   -   4
     3970.86825700000        0.154328967295703    
     723.298609800000        0.535328142285094    
     195.752831100000        0.444634542187619    
SP   0       3   -   4
     343.584632300000       -9.996722918729169E-02    0.155916274997128    
     79.8416795200000        0.399512826089176        0.607683718588807    
     25.9669921900000        0.700115468881032        0.391957393092780    
SP   0       3   -   4
     38.0899198300000       -0.227763502308074        4.951511155221838E-03
     11.6186396200000        0.217543604407712        0.577766469125885    
     4.48283236700000        0.916676961132497        0.484646036621713    
D    0       3   -   4
     38.0899198300000        0.219767950801338    
     11.6186396200000        0.655547362703992    
     4.48283236700000        0.286573259001745    
SP   0       3   -   1
     3.82975270800000       -0.330610062630127       -0.128392763408521    
     1.49128585400000        5.761095337524983E-02    0.585204764138839    
    0.656467704000000         1.11557874510166        0.543944204036100    
D    0       3   -   1
     2.10137322800000        0.125066213807527    
    0.818263842800000        0.668678557740246    
    0.360201758000000        0.305246824518372    
SP   0       1  2   -   1  0
    0.461699982600000       -0.384264260753985       -0.348169152593087    
    0.248596896300000       -0.197256743827712        0.629032368987510    
    0.109809620700000         1.37549551219324        0.666283274286770    
D    1       1   -   1
    0.390000000000000         1.00000000000000    
****
Ru  
S    0       3   -   4
     4159.27421000000        0.154328967296505    
     757.616989400000        0.535328142287875    
     205.040723900000        0.444634542189929    
SP   0       3   -   4
     360.798656100000       -9.996722918677926E-02    0.155916274999864    
     83.8418484300000        0.399512826087129        0.607683718599470    
     27.2679712700000        0.700115468877444        0.391957393099658    
SP   0       3   -   4
     40.7175167800000       -0.227763502306457        4.951511155039571E-03
     12.4201404400000        0.217543604406167        0.577766469104617    
     4.79207630200000        0.916676961125986        0.484646036603873    
D    0       3   -   4
     40.7175167800000        0.219767950795603    
     12.4201404400000        0.655547362686884    
     4.79207630200000        0.286573258994266    
SP   0       3   -   1
     4.19751637100000       -0.330610062633399       -0.128392763404876    
     1.63449111800000        5.761095337582001E-02    0.585204764122226    
    0.719507013900000         1.11557874511270        0.543944204020658    
D    0       3   -   1
     2.39089576100000        0.125066213804494    
    0.931002416700000        0.668678557724029    
    0.409829555800000        0.305246824510969    
SP   0       1  2   -   1  0
    0.413135484800000       -0.384264260791870       -0.348169152581402    
    0.222447916700000       -0.197256743847160        0.629032368966399    
    9.825915662000000E-02     1.37549551232886        0.666283274264409    
D    1       1   -   1
    0.390000000000000         1.00000000000000    
****
Rh  
S    0       3   -   4
     4350.07779400000        0.154328967296294    
     792.372100500000        0.535328142287144    
     214.446813300000        0.444634542189322    
SP   0       3   -   4
     378.433426400000       -9.996722918780301E-02    0.155916275000517    
     87.9397898100000        0.399512826091220        0.607683718602017    
     28.6007489900000        0.700115468884614        0.391957393101301    
SP   0       3   -   4
     43.5217945500000       -0.227763502302875        4.951511154981166E-03
     13.2755345400000        0.217543604402746        0.577766469097802    
     5.12211393900000        0.916676961111572        0.484646036598157    
D    0       3   -   4
     43.5217945500000        0.219767950797272    
     13.2755345400000        0.655547362691863    
     5.12211393900000        0.286573258996443    
SP   0       3   -   1
     4.54085740800000       -0.330610062630533       -0.128392763403673    
     1.76818633800000        5.761095337532052E-02    0.585204764116741    
    0.778359978900000         1.11557874510303        0.543944204015561    
D    0       3   -   1
     2.77906609400000        0.125066213805337    
     1.08215393200000        0.668678557728533    
    0.476366825000000        0.305246824513025    
SP   0       1  2   -   1  0
    0.413135484800000       -0.384264260791870       -0.348169152581402    
    0.222447916700000       -0.197256743847160        0.629032368966399    
    9.825915662000000E-02     1.37549551232886        0.666283274264409    
D    1       1   -   1
    0.390000000000000         1.00000000000000    
****
Pd  
S    0       3   -   4
     4545.16026900000        0.154328967294899    
     827.906616800000        0.535328142282306    
     224.063840200000        0.444634542185303    
SP   0       3   -   4
     396.488943300000       -9.996722918834813E-02    0.155916275000330    
     92.1355036500000        0.399512826093398        0.607683718601284    
     29.9653253500000        0.700115468888431        0.391957393100828    
SP   0       3   -   4
     46.4194509700000       -0.227763502306101        4.951511155058358E-03
     14.1594121100000        0.217543604405828        0.577766469106810    
     5.46314138300000        0.916676961124556        0.484646036605712    
D    0       3   -   4
     46.4194509700000        0.219767950796792    
     14.1594121100000        0.655547362690430    
     5.46314138300000        0.286573258995817    
SP   0       3   -   2
     4.91910458900000       -0.330610062633910       -0.128392763405863    
     1.91547383000000        5.761095337590909E-02    0.585204764126723    
    0.843196295400000         1.11557874511442        0.543944204024838    
D    0       3   -   1
     3.02597744800000        0.125066213806822    
     1.17829993400000        0.668678557736474    
    0.518690531600000        0.305246824516650    
SP   0       1  2   -   1  0
    0.437080480300000       -0.384264260755880       -0.348169152593334    
    0.235340816400000       -0.197256743828685        0.629032368987956    
    0.103954177100000         1.37549551220002        0.666283274287243    
D    1       1   -   1
    0.390000000000000         1.00000000000000    
****
Ag  
S    0       3   -   4
     4744.52163400000        0.154328967297054    
     864.220538300000        0.535328142289781    
     233.891804500000        0.444634542191512    
SP   0       3   -   4
     414.965206900000       -9.996722918776710E-02    0.155916275001372    
     96.4289899500000        0.399512826091076        0.607683718605348    
     31.3617003500000        0.700115468884362        0.391957393103449    
SP   0       3   -   4
     49.4104860500000       -0.227763502300637        4.951511154865204E-03
     15.0717731400000        0.217543604400609        0.577766469084271    
     5.81515863400000        0.916676961102566        0.484646036586806    
D    0       3   -   4
     49.4104860500000        0.219767950795007    
     15.0717731400000        0.655547362685107    
     5.81515863400000        0.286573258993490    
SP   0       3   -   2
     5.29023045000000       -0.330610062628902       -0.128392763400711    
     2.05998831600000        5.761095337503636E-02    0.585204764103240    
    0.906811928100000         1.11557874509752        0.543944204003011    
D    0       3   -   1
     3.28339566800000        0.125066213803004    
     1.27853725400000        0.668678557716063    
    0.562815246900000        0.305246824507332    
SP   0       1  2   -   1  0
    0.437080480300000       -0.384264260755880       -0.348169152593334    
    0.235340816400000       -0.197256743828685        0.629032368987956    
    0.103954177100000         1.37549551220002        0.666283274287243    
D    1       1   -   1
    0.390000000000000         1.00000000000000    
****
Cd  
S    0       3   -   4
     4950.26190500000        0.154328967296420    
     901.696385600000        0.535328142287581    
     244.034231300000        0.444634542189685    
SP   0       3   -   4
     433.446938500000       -9.996722918627558E-02    0.155916274999098    
     100.723746900000        0.399512826085116        0.607683718596484    
     32.7584886100000        0.700115468873916        0.391957393097732    
SP   0       3   -   4
     52.5927923500000       -0.227763502307389        4.951511155108346E-03
     16.0424780000000        0.217543604407058        0.577766469112642    
     6.18968674400000        0.916676961129740        0.484646036610605    
D    0       3   -   4
     52.5927923500000        0.219767950797398    
     16.0424780000000        0.655547362692239    
     6.18968674400000        0.286573258996607    
SP   0       3   -   2
     5.67485179600000       -0.330610062635240       -0.128392763403488    
     2.20975787500000        5.761095337614073E-02    0.585204764115900    
    0.972740856600000         1.11557874511891        0.543944204014779    
D    0       3   -   1
     3.64296397600000        0.125066213805701    
     1.41855129000000        0.668678557730483    
    0.624449770000000        0.305246824513915    
SP   0       2  1   -   1  0
    0.594915098100000       -0.384264260776580       -0.348169152575580    
    0.320325000000000       -0.197256743839311        0.629032368955881    
    0.141493185500000         1.37549551227412        0.666283274253268    
D    1       1   -   1
    0.390000000000000         1.00000000000000    
****
In  
S    0       3   -   4
     5158.22471400000        0.154328967292611    
     939.577070700000        0.535328142274368    
     254.286223100000        0.444634542178711    
SP   0       3   -   4
     452.331322300000       -9.996722918925487E-02    0.155916275002732    
     105.112071600000        0.399512826097022        0.607683718610648    
     34.1857079900000        0.700115468894781        0.391957393106868    
SP   0       3   -   4
     55.9753976900000       -0.227763502302336        4.951511154952674E-03
     17.0742804400000        0.217543604402231        0.577766469094478    
     6.58778820400000        0.916676961109401        0.484646036595368    
D    0       3   -   4
     55.9753976900000        0.219767950796704    
     17.0742804400000        0.655547362690168    
     6.58778820400000        0.286573258995702    
SP   0       3   -   2
     5.04854918000000       -0.330610062630083       -0.128392763398071    
     1.96587888200000        5.761095337524214E-02    0.585204764091208    
    0.865384723700000         1.11557874510151        0.543944203991828    
D    0       3   -   2
     5.04854918000000        0.125066213804094    
     1.96587888200000        0.668678557721889    
    0.865384723700000        0.305246824509992    
SP   0       2  1   -   1  0
    0.566923061200000       -0.384264260830357       -0.348169152556347    
    0.305253018700000       -0.197256743866917        0.629032368921133    
    0.134835626400000         1.37549551246662        0.666283274216463    
D    1       1   -   1
    0.390000000000000         1.00000000000000    
****
Sn  
S    0       3   -   4
     5370.46641300000        0.154328967298093    
     978.237161100000        0.535328142293384    
     264.749152200000        0.444634542194504    
SP   0       3   -   4
     472.051532200000       -9.996722918857316E-02    0.155916274998586    
     109.694624300000        0.399512826094298        0.607683718594488    
     35.6760963600000        0.700115468890007        0.391957393096444    
SP   0       3   -   4
     59.1514118800000       -0.227763502302843        4.951511155031552E-03
     18.0430660000000        0.217543604402715        0.577766469103682    
     6.96157579000000        0.916676961111442        0.484646036603088    
D    0       3   -   4
     59.1514118800000        0.219767950799407    
     18.0430660000000        0.655547362698231    
     6.96157579000000        0.286573258999226    
SP   0       3   -   2
     5.58313852900000       -0.330610062631166       -0.128392763402891    
     2.17404520400000        5.761095337543083E-02    0.585204764113179    
    0.957020050900000         1.11557874510516        0.543944204012250    
D    0       3   -   2
     5.58313852900000        0.125066213806055    
     2.17404520400000        0.668678557732374    
    0.957020050900000        0.305246824514778    
SP   0       2  1   -   1  0
    0.623581642000000       -0.384264260771071       -0.348169152577980    
    0.335760161600000       -0.197256743836483        0.629032368960216    
    0.148311167800000         1.37549551225440        0.666283274257860    
D    1       1   -   1
    0.390000000000000         1.00000000000000    
****
Sb  
S    0       3   -   4
     5586.98700200000        0.154328967298377    
     1017.67665700000        0.535328142294372    
     275.423018900000        0.444634542195325    
SP   0       3   -   4
     492.192488800000       -9.996722918373681E-02    0.155916274995426    
     114.374949400000        0.399512826074970        0.607683718582173    
     37.1982833600000        0.700115468856136        0.391957393088502    
SP   0       3   -   4
     62.5217977500000       -0.227763502305262        4.951511155137476E-03
     19.0711411200000        0.217543604405026        0.577766469116041    
     7.35823913100000        0.916676961121177        0.484646036613456    
D    0       3   -   4
     62.5217977500000        0.219767950801047    
     19.0711411200000        0.655547362703122    
     7.35823913100000        0.286573259001365    
SP   0       3   -   3
     6.12069314900000       -0.330610062638365       -0.128392763402886    
     2.38336618700000        5.761095337668534E-02    0.585204764113155    
     1.04916366300000         1.11557874512945        0.543944204012227    
D    0       3   -   3
     6.12069314900000        0.125066213804132    
     2.38336618700000        0.668678557722093    
     1.04916366300000        0.305246824510085    
SP   0       2  1   -   1  0
    0.652922692800000       -0.384264260766454       -0.348169152566330    
    0.351558503400000       -0.197256743834113        0.629032368939168    
    0.155289573200000         1.37549551223788        0.666283274235566    
D    1       1   -   1
    0.390000000000000         1.00000000000000    
****
Te  
S    0       3   -   4
     5810.06159100000        0.154328967296715    
     1058.30997200000        0.535328142288606    
     286.419979700000        0.444634542190536    
SP   0       3   -   4
     512.754192000000       -9.996722919052264E-02    0.155916275003686    
     119.153047100000        0.399512826102089        0.607683718614365    
     38.7522690000000        0.700115468903660        0.391957393109266    
SP   0       3   -   4
     65.9855622700000       -0.227763502303796        4.951511155035299E-03
     20.1276997000000        0.217543604403626        0.577766469104119    
     7.76589227900000        0.916676961115278        0.484646036603455    
D    0       3   -   4
     65.9855622700000        0.219767950798471    
     20.1276997000000        0.655547362695440    
     7.76589227900000        0.286573258998007    
SP   0       3   -   3
     6.70795692100000       -0.330610062642696       -0.128392763393530    
     2.61204365500000        5.761095337744014E-02    0.585204764070510    
     1.14982804800000         1.11557874514407        0.543944203972589    
D    0       3   -   3
     6.70795692100000        0.125066213798610    
     2.61204365500000        0.668678557692566    
     1.14982804800000        0.305246824496607    
SP   0       2  1   -   1  0
    0.701271348300000       -0.384264260816147       -0.348169152563388    
    0.377591265300000       -0.197256743859622        0.629032368933853    
    0.166788702000000         1.37549551241575        0.666283274229936    
D    1       1   -   1
    0.390000000000000         1.00000000000000    
****
I   
S    0       3   -   4
     6035.18362300000        0.154328967296853    
     1099.31623100000        0.535328142289084    
     297.517873700000        0.444634542190934    
SP   0       3   -   4
     533.736641800000       -9.996722918382767E-02    0.155916274997797    
     124.028917100000        0.399512826075333        0.607683718591414    
     40.3380532800000        0.700115468856772        0.391957393094462    
SP   0       3   -   4
     69.5427054500000       -0.227763502304276        4.951511155030479E-03
     21.2127417500000        0.217543604404084        0.577766469103556    
     8.18453523400000        0.916676961117208        0.484646036602983    
D    0       3   -   4
     69.5427054500000        0.219767950797722    
     21.2127417500000        0.655547362693204    
     8.18453523400000        0.286573258997029    
SP   0       3   -   3
     7.29599119600000       -0.330610062625756       -0.128392763402836    
     2.84102115400000        5.761095337448824E-02    0.585204764112927    
     1.25062450600000         1.11557874508691        0.543944204012015    
D    0       3   -   3
     7.29599119600000        0.125066213807472    
     2.84102115400000        0.668678557739950    
     1.25062450600000        0.305246824518237    
SP   0       2  1   -   1  0
    0.790036458200000       -0.384264260780198       -0.348169152586285    
    0.425385789200000       -0.197256743841168        0.629032368975222    
    0.187900383600000         1.37549551228707        0.666283274273754    
D    1       1   -   1
    0.390000000000000         1.00000000000000    
****
Xe  
S    0       3   -   4
     6264.58454600000        0.154328967294766    
     1141.10189500000        0.535328142281846    
     308.826705200000        0.444634542184921    
SP   0       3   -   4
     555.139838100000       -9.996722918855346E-02    0.155916275001206    
     129.002559700000        0.399512826094219        0.607683718604699    
     41.9556362000000        0.700115468889869        0.391957393103031    
SP   0       3   -   4
     73.0777350400000       -0.227763502304443        4.951511155112947E-03
     22.2910384500000        0.217543604404244        0.577766469113179    
     8.60057562200000        0.916676961117882        0.484646036611055    
D    0       3   -   4
     73.0777350400000        0.219767950800963    
     22.2910384500000        0.655547362702872    
     8.60057562200000        0.286573259001256    
SP   0       3   -   3
     7.90872828000000       -0.330610062644654       -0.128392763399401    
     3.07961779900000        5.761095337778124E-02    0.585204764097270    
     1.35565533700000         1.11557874515068        0.543944203997463    
D    0       3   -   3
     7.90872828000000        0.125066213800828    
     3.07961779900000        0.668678557704426    
     1.35565533700000        0.305246824502020    
SP   0       2  1   -   1  0
    0.891010143300000       -0.384264260781935       -0.348169152572217    
    0.479753875900000       -0.197256743842060        0.629032368949805    
    0.211915723600000         1.37549551229329        0.666283274246832    
D    1       1   -   1
    0.390000000000000         1.00000000000000    
