H   
S    0       2   -   2
     5.44717800000000        0.156284978694732    
    0.824547240000000        0.904690876669647    
S    0       1   -   0
    0.183191580000000         1.00000000000000    
****
He  
S    0       2   -   4
     13.6267000000000        0.175229871838764    
     1.99935000000000        0.893482346516662    
S    0       1   -   1
    0.382993000000000         1.00000000000000    
****
Li  
S    0       3   -   3
     36.8382000000000        6.966866381211760E-02
     5.48172000000000        0.381346349289290    
     1.11327000000000        0.681702624396761    
SP   0       2   -   0
    0.540205000000000       -0.263126405760638        0.161545970836938    
    0.102255000000000         1.14338741779694        0.915662834700106    
SP   0       1   -   0
    2.856450000000000E-02     1.00000000000000         1.00000000000000    
****
Be  
S    0       3   -   4
     71.8876000000000        6.442630974560154E-02
     10.7289000000000        0.366096055378405    
     2.22205000000000        0.695934105272155    
SP   0       2   -   1
     1.29548000000000       -0.421064065879145        0.205131923736061    
    0.268881000000000         1.22407019151646        0.882527671893896    
SP   0       1   -   0
    7.735010000000000E-02     1.00000000000000         1.00000000000000    
****
B   
S    0       3   -   4
     116.434000000000        6.296046589021007E-02
     17.4314000000000        0.363303803174639    
     3.68016000000000        0.697254622251704    
SP   0       2   -   1
     2.28187000000000       -0.368663477319241        0.231151902314625    
    0.465248000000000         1.19944480645087        0.866763633703508    
SP   0       1   -   0
    0.124328000000000         1.00000000000000         1.00000000000000    
****
C   
S    0       3   -   4
     172.256000000000        6.176690737711468E-02
     25.9109000000000        0.358794042852474    
     5.53335000000000        0.700713083689487    
SP   0       2   -   1
     3.66498000000000       -0.395895162119246        0.236459946619458    
    0.770545000000000         1.21583435568106        0.860618805716363    
SP   0       1   -   0
    0.195857000000000         1.00000000000000         1.00000000000000    
****
N   
S    0       3   -   4
     242.766000000000        5.986570050781058E-02
     36.4851000000000        0.352955002993940    
     7.81449000000000        0.706513005992994    
SP   0       2   -   3
     5.42522000000000       -0.413300077429870        0.237972016221597    
     1.14915000000000         1.22441726685075        0.858953058551383    
SP   0       1   -   0
    0.283205000000000         1.00000000000000         1.00000000000000    
****
O   
S    0       3   -   4
     322.037000000000        5.923939338939592E-02
     48.4308000000000        0.351499960775644    
     10.4206000000000        0.707657921031495    
SP   0       2   -   4
     7.40294000000000       -0.404453583190486        0.244586106966550    
     1.57620000000000         1.22156176139668        0.853955373466267    
SP   0       1   -   1
    0.373684000000000         1.00000000000000         1.00000000000000    
****
F   
S    0       3   -   4
     413.801000000000        5.854830292935528E-02
     62.2446000000000        0.349308017476976    
     13.4340000000000        0.709632035505117    
SP   0       2   -   4
     9.77759000000000       -0.407326277681874        0.246680003197765    
     2.08617000000000         1.22313783099035        0.852321011048816    
SP   0       1   -   1
    0.482383000000000         1.00000000000000         1.00000000000000    
****
Ne  
S    0       3   -   4
     515.724000000000        5.814303044059008E-02
     77.6538000000000        0.347951182168683    
     16.8136000000000        0.710714372092144    
SP   0       2   -   4
     12.4830000000000       -0.409922320836745        0.247459983573451    
     2.66451000000000         1.22431095823994        0.851742943460768    
SP   0       1   -   1
    0.606250000000000         1.00000000000000         1.00000000000000    
****
Na  
S    0       3   -   4
     547.613000000000        6.749111800806852E-02
     82.0678000000000        0.393505104995548    
     17.6917000000000        0.665605177597645    
SP   0       3   -   2
     17.5407000000000       -0.111937028986723        0.128233009263715    
     3.79398000000000        0.254654065944103        0.471533034064144    
    0.906441000000000        0.844417218666587        0.604273043653451    
SP   0       2   -   0
    0.501824000000000       -0.219660497544387        9.066487958018161E-03
    6.094580000000001E-02     1.08912246692863        0.997201775407200    
SP   0       1   -   0
    2.443490000000000E-02     1.00000000000000         1.00000000000000    
D    1       1   -   0
    0.175000000000000         1.00000000000000    
****
Mg  
S    0       3   -   4
     652.841000000000        6.759814294926945E-02
     98.3805000000000        0.391777669351830    
     21.2996000000000        0.666660437359322    
SP   0       3   -   3
     23.3727000000000       -0.110245952438349        0.121013899069367    
     5.19953000000000        0.184118920568514        0.462809613997502    
     1.31508000000000        0.896398613281057        0.606906493814701    
SP   0       2   -   0
    0.611349000000000       -0.361102593346072        2.426330919536306E-02
    0.141841000000000         1.21505536136744        0.986673373931677    
SP   0       1   -   0
    4.640110000000000E-02     1.00000000000000         1.00000000000000    
D    1       1   -   0
    0.175000000000000         1.00000000000000    
****
Al  
S    0       3   -   4
     775.737000000000        6.683469647452021E-02
     116.952000000000        0.389060979477327    
     25.3326000000000        0.669467964686070    
SP   0       3   -   4
     29.4796000000000       -0.107902023289943        0.117573985556821    
     6.63314000000000        0.146245031566029        0.461173943347862    
     1.72675000000000        0.923730199381092        0.605534925614080    
SP   0       2   -   1
    0.946160000000000       -0.320326909109778        5.193828086795019E-02
    0.202506000000000         1.18411966401543        0.972659641709883    
SP   0       1   -   0
    6.390880000000000E-02     1.00000000000000         1.00000000000000    
D    1       1   -   1
    0.325000000000000         1.00000000000000    
****
Si  
S    0       3   -   4
     910.655000000000        6.608223959171958E-02
     137.336000000000        0.386228646933752    
     29.7601000000000        0.672379385352514    
SP   0       3   -   4
     36.6716000000000       -0.104511035907085        0.113355014682746    
     8.31729000000000        0.107410036903101        0.457578059269566    
     2.21645000000000        0.951446326890494        0.607427078679339    
SP   0       2   -   1
     1.07913000000000       -0.376107879451492        6.710299112482998E-02
    0.302422000000000         1.25164959882656        0.956882873440840    
SP   0       1   -   0
    9.333920000000000E-02     1.00000000000000         1.00000000000000    
D    1       1   -   1
    0.450000000000000        1.000000000000000    
****
P   
S    0       3   -   4
     1054.90000000000        6.554071354930067E-02
     159.195000000000        0.384036079392183    
     34.5304000000000        0.674541139448600    
SP   0       3   -   4
     44.2866000000000       -0.102130053457555        0.110851002535683    
     10.1019000000000        8.159224270752506E-02    0.456495010442186    
     2.73997000000000        0.969788507612803        0.606936013883478    
SP   0       2   -   1
     1.21865000000000       -0.371496021876824        9.158231021722540E-02
    0.395546000000000         1.27099349613110        0.934924104303225    
SP   0       1   -   0
    0.122811000000000         1.00000000000000         1.00000000000000    
D    1       1   -   1
    0.550000000000000         1.00000000000000    
****
S   
S    0       3   -   4
     1210.62000000000        6.500708187107197E-02
     182.747000000000        0.382039893458166    
     39.6673000000000        0.676544811327753    
SP   0       3   -   4
     52.2236000000000       -0.100309939876044        0.109645970224645    
     11.9629000000000        6.508766098763827E-02    0.457648875721308    
     3.28911000000000        0.981454411734053        0.604260835907504    
SP   0       2   -   1
     1.22384000000000       -0.286088853728302        0.164776994740574    
    0.457303000000000         1.22805937211699        0.870854972203663    
SP   0       1   -   0
    0.142269000000000         1.00000000000000         1.00000000000000    
D    1       1   -   1
    0.650000000000000         1.00000000000000    
****
Cl  
S    0       3   -   4
     1376.40000000000        6.458270227566115E-02
     207.857000000000        0.380363013402619    
     45.1554000000000        0.678190023896967    
SP   0       3   -   4
     60.8014000000000       -9.876395275393773E-02    0.108598058511130    
     13.9765000000000        5.113382731270536E-02    0.458682247131645    
     3.88710000000000        0.991337529514634        0.601962324328967    
SP   0       2   -   1
     1.35299000000000       -0.222401484148477        0.219215797213298    
    0.526955000000000         1.18252257424768        0.822320239308430    
SP   0       1   -   0
    0.166714000000000         1.00000000000000         1.00000000000000    
D    1       1   -   1
    0.750000000000000         1.00000000000000    
****
Ar  
S    0       3   -   4
     1553.71000000000        6.417071257701919E-02
     234.678000000000        0.378797074241627    
     51.0121000000000        0.679752133226752    
SP   0       3   -   4
     70.0453000000000       -9.746613989208668E-02    0.107619040845705    
     16.1473000000000        3.905691598567337E-02    0.459576174427431    
     4.53492000000000        0.999916409257534        0.600041227739504    
SP   0       2   -   1
     1.54209000000000       -0.176865568523526        0.255687012981061    
    0.607267000000000         1.14689720206050        0.789842040099761    
SP   0       1   -   0
    0.195373000000000         1.00000000000000         1.00000000000000    
D    1       1   -   2
    0.850000000000000         1.00000000000000    
****
K
S    0       3   -   4
     1721.17550000000        6.487500000000000E-02
     260.016330000000        0.380859000000000    
     56.6245540000000        0.677368000000000    
SP   0       3   -   4
     71.5572000000000       -0.109343000000000        0.133965000000000    
     15.4389400000000        0.113064000000000        0.530267000000000    
     4.47455100000000        0.946257000000000        0.511799000000000    
SP   0       3   -   1
     4.12127500000000       -0.269973000000000        1.994900000000000E-02
     1.18862100000000        0.364632000000000        0.434021000000000    
    0.375674000000000        0.810753000000000        0.645323000000000    
SP   0       2   -   0
    0.244577000000000       -0.268825000000000        3.080000000000000E-04
    3.897200000000000E-02     1.12898300000000        0.999879000000000    
SP   0       1   -   0
    1.606300000000000E-02     1.00000000000000         1.00000000000000    
****
Ca
S    0       3   -   4
     1915.43480000000        6.462400000000000E-02
     289.533240000000        0.379838000000000    
     63.1063520000000        0.678329000000000    
SP   0       3   -   4
     80.3974400000000       -0.109303000000000        0.135433000000000    
     17.3307500000000        0.108900000000000        0.537222000000000    
     5.08362400000000        0.949277000000000        0.501804000000000    
SP   0       3   -   1
     4.78222900000000       -0.281607000000000        1.900900000000000E-02
     1.46255800000000        0.341051000000000        0.436038000000000    
    0.479223000000000        0.838104000000000        0.638671000000000    
SP   0       2   -   0
    0.439682000000000       -0.269705000000000        3.080000000000000E-04
    5.913000000000000E-02     1.11329300000000        0.999896000000000    
SP   0       1   -   0
    2.389700000000000E-02     1.00000000000000         1.00000000000000    
****
Sc
S    0       3   -   4
     2119.88700000000        6.442100000000001E-02
     320.429900000000        0.379160000000000    
     69.8989300000000        0.678963000000000    
SP   0       3   -   4
     89.7645000000000       -0.109384000000000        0.136328000000000    
     19.3851000000000        0.105070000000000        0.541860000000000    
     5.73142300000000        0.952205000000000        0.495055000000000    
SP   0       3   -   1
     5.49193800000000       -0.285211000000000        1.761400000000000E-02
     1.74374200000000        0.324155000000000        0.433645000000000    
    0.566227000000000        0.856592000000000        0.642551000000000    
D    0       2   -   3
     5.72221500000000        0.265236000000000    
     1.36084900000000        0.855861000000000    
D    0       1   -   0
    0.322652000000000         1.00000000000000    
SP   0       2   -   0
    0.516802000000000       -0.262678000000000        3.270000000000000E-04
    6.721400000000000E-02     1.10807900000000        0.999893000000000    
SP   0       1   -   0
    2.598500000000000E-02     1.00000000000000         1.00000000000000    
****
Ti
S    0       3   -   4
     2335.02000000000        6.421700000000000E-02
     353.044100000000        0.378412000000000    
     77.0584500000000        0.679681000000000    
SP   0       3   -   4
     99.5738700000000       -0.109472000000000        0.137297000000000    
     21.5467100000000        0.101943000000000        0.545875000000000    
     6.41396500000000        0.954622000000000        0.489068000000000    
SP   0       3   -   2
     6.23827900000000       -0.286137000000000        1.923700000000000E-02
     1.99610800000000        0.321828000000000        0.440442000000000    
    0.646490000000000        0.859551000000000        0.635620000000000    
D    0       2   -   4
     7.08366600000000        0.262921000000000    
     1.70963400000000        0.855772000000000    
D    0       1   -   0
    0.414123000000000         1.00000000000000    
SP   0       2   -   0
    0.573285000000000       -0.242450000000000        2.920000000000000E-04
    7.311900000000000E-02     1.10007500000000        0.999907000000000    
SP   0       1   -   0
    2.653800000000000E-02     1.00000000000000         1.00000000000000    
****
V
S    0       3   -   4
     2563.87700000000        6.394800000000000E-02
     387.534000000000        0.377594000000000    
     84.5982300000000        0.680542000000000    
SP   0       3   -   4
     109.793800000000       -0.109836000000000        0.138421000000000    
     23.7692100000000        0.100707000000000        0.550489000000000    
     7.12296100000000        0.955633000000000        0.482417000000000    
SP   0       3   -   3
     6.98120400000000       -0.288459000000000        2.182100000000000E-02
     2.21983900000000        0.336436000000000        0.456762000000000    
    0.719803000000000        0.848190000000000        0.618675000000000    
D    0       2   -   4
     8.34291700000000        0.264062000000000    
     2.03294400000000        0.853966000000000    
D    0       1   -   0
    0.495712000000000         1.00000000000000    
SP   0       2   -   0
    0.631262000000000       -0.236490000000000        1.900000000000000E-04
    8.006199999999999E-02     1.09772100000000        0.999940000000000    
SP   0       1   -   0
    2.886500000000000E-02     1.00000000000000         1.00000000000000    
****
Cr
S    0       3   -   4
     2798.29400000000        6.382400000000001E-02
     423.137000000000        0.377084000000000    
     92.4388600000000        0.680989000000000    
SP   0       3   -   4
     120.280600000000       -0.117779000000000        0.139878000000000    
     26.0372700000000        0.101431000000000        0.555983000000000    
     7.84417200000000        0.957198000000000        0.474818000000000    
SP   0       3   -   3
     7.79327600000000       -0.288857000000000        2.218500000000000E-02
     2.49719600000000        0.335115000000000        0.461625000000000    
    0.805142000000000        0.850248000000000        0.614539000000000    
D    0       2   -   4
     9.62533900000000        0.265596000000000    
     2.36226400000000        0.852156000000000    
D    0       1   -   1
    0.577094000000000         1.00000000000000    
SP   0       2   -   0
    0.703921000000000       -0.232251000000000        1.800000000000000E-04
    8.616200000000000E-02     1.09367100000000        0.999945000000000    
SP   0       1   -   0
    3.219900000000000E-02     1.00000000000000         1.00000000000000    
****
Mn
S    0       3   -   4
     3041.68600000000        6.374500000000000E-02
     460.090100000000        0.376749000000000    
     100.595800000000        0.681247000000000    
SP   0       3   -   4
     131.767300000000       -0.110296000000000        0.140454000000000    
     28.5691500000000        9.819000000000000E-02    0.557802000000000    
     8.66050100000000        0.957659000000000        0.471501000000000    
SP   0       3   -   3
     8.56908100000000       -0.291714000000000        2.422400000000000E-02
     2.76817800000000        0.343963000000000        0.468660000000000    
    0.887288000000000        0.845198000000000        0.607421000000000    
D    0       2   -   4
     11.0688400000000        0.265272000000000    
     2.73070700000000        0.851795000000000    
D    0       1   -   1
    0.668509000000000         1.00000000000000    
SP   0       2   -   0
    0.767443000000000       -0.230004000000000        3.080000000000000E-04
    9.202500000000000E-02     1.09145000000000        0.999907000000000    
SP   0       1   -   0
    3.326500000000000E-02     1.00000000000000         1.00000000000000    
****
Fe
S    0       3   -   4
     3299.18400000000        6.358600000000000E-02
     499.088600000000        0.376202000000000    
     109.161400000000        0.681785000000000    
SP   0       3   -   4
     143.465200000000       -0.110552000000000        0.141101000000000    
     31.1685800000000        9.684700000000000E-02    0.560387000000000    
     9.48361200000000        0.958797000000000        0.467644000000000    
SP   0       3   -   3
     9.46456500000000       -0.292056000000000        2.376200000000000E-02
     3.10037300000000        0.337524000000000        0.468911000000000    
    0.986493000000000        0.851942000000000        0.608311000000000    
D    0       2   -   4
     12.3544900000000        0.268611000000000    
     3.05560500000000        0.849272000000000    
D    0       1   -   1
    0.738591000000000         1.00000000000000    
SP   0       2   -   0
    0.853412000000000       -0.227944000000000       -4.260000000000000E-04
    9.881200000000000E-02     1.08828700000000         1.00012400000000    
SP   0       1   -   0
    3.644200000000000E-02     1.00000000000000         1.00000000000000    
****
Co
S    0       3   -   4
     3564.76200000000        6.348700000000000E-02
     539.390800000000        0.375818000000000    
     118.044900000000        0.682122000000000    
SP   0       3   -   4
     155.438200000000       -0.110987000000000        0.142064000000000    
     33.8156100000000        9.676700000000001E-02    0.563444000000000    
     10.3332300000000        0.958992000000000        0.463024000000000    
SP   0       3   -   4
     10.3815200000000       -0.292262000000000        2.631300000000000E-02
     3.38271400000000        0.343251000000000        0.476917000000000    
     1.07695400000000        0.846963000000000        0.599154000000000    
D    0       2   -   4
     13.7407000000000        0.270955000000000    
     3.40898300000000        0.847342000000000    
D    0       1   -   2
    0.818641000000000         1.00000000000000    
SP   0       2   -   0
    0.909015000000000       -0.217460000000000        2.280000000000000E-04
    0.105041000000000         1.08499800000000        0.999934000000000    
SP   0       1   -   0
    3.725700000000000E-02     1.00000000000000         1.00000000000000    
****
Ni
S    0       3   -   4
     3848.00500000000        6.326600000000000E-02
     582.030700000000        0.375171000000000    
     127.367400000000        0.682824000000000    
SP   0       3   -   4
     168.289600000000       -0.111115000000000        0.142490000000000    
     36.6563300000000        9.532400000000001E-02    0.565547000000000    
     11.2321200000000        0.960161000000000        0.459993000000000    
SP   0       3   -   4
     11.3587700000000       -0.292060000000000        2.613800000000000E-02
     3.73884600000000        0.337541000000000        0.476598000000000    
     1.18246300000000        0.852533000000000        0.600380000000000    
D    0       2   -   4
     15.2206900000000        0.272606000000000    
     3.78602000000000        0.845928000000000    
D    0       1   -   2
    0.904557000000000         1.00000000000000    
SP   0       2   -   0
    0.988904000000000       -0.213687000000000        2.940000000000000E-04
    0.111025000000000         1.08193300000000        0.999917000000000    
SP   0       1   -   0
    3.925800000000000E-02     1.00000000000000         1.00000000000000    
****
Cu
S    0       3   -   4
     4134.30200000000        6.318799999999999E-02
     625.491200000000        0.374845000000000    
     136.955600000000        0.683100000000000    
SP   0       3   -   4
     181.496000000000       -0.111320000000000        0.143084000000000    
     39.5743100000000        9.448700000000000E-02    0.567756000000000    
     12.1624600000000        0.960879000000000        0.456714000000000    
SP   0       3   -   4
     12.3511100000000       -0.292223000000000        2.772700000000000E-02
     4.04965100000000        0.342991000000000        0.483524000000000    
     1.27922500000000        0.847946000000000        0.592978000000000    
D    0       2   -   4
     16.7593800000000        0.274112000000000    
     4.17897700000000        0.844625000000000    
D    0       1   -   2
    0.994327000000000         1.00000000000000    
SP   0       2   -   0
     1.04980400000000       -0.206508000000000        1.390000000000000E-04
    0.116933000000000         1.07927300000000        0.999961000000000    
SP   0       1   -   0
    4.000000000000000E-02     1.00000000000000         1.00000000000000    
****
Zn
S    0       3   -   4
     4432.28800000000        6.309300000000000E-02
     670.660100000000        0.374504000000000    
     146.902400000000        0.683416000000000    
SP   0       3   -   4
     195.004200000000       -0.111628000000000        0.143806000000000    
     42.5688900000000        9.433600000000000E-02    0.570002000000000    
     13.1214300000000        0.961100000000000        0.453312000000000    
SP   0       3   -   4
     13.4023100000000       -0.291781000000000        2.870500000000000E-02
     4.39990600000000        0.342614000000000        0.486252000000000    
     1.38514800000000        0.848284000000000        0.590235000000000    
D    0       2   -   4
     18.3682000000000        0.275386000000000    
     4.59130400000000        0.843477000000000    
D    0       1   -   3
     1.09020300000000         1.00000000000000    
SP   0       2   -   0
     1.12155800000000       -0.202371000000000        3.440000000000000E-04
    0.122944000000000         1.07703500000000        0.999905000000000    
SP   0       1   -   0
    4.219300000000000E-02     1.00000000000000         1.00000000000000    
****
Ga
S    0       3   -   4
     4751.89790000000        6.283999999999999E-02
     718.920540000000        0.373611000000000    
     157.445920000000        0.684363000000000    
SP   0       3   -   4
     209.583400000000       -0.111516000000000        0.144266000000000    
     45.6917100000000        9.269600000000000E-02    0.573178000000000    
     14.1329700000000        0.962287000000000        0.449086000000000    
SP   0       3   -   4
     14.5995400000000        0.291029000000000        2.656200000000000E-02
     4.86084200000000       -0.323188000000000        0.483314000000000    
     1.54911100000000       -0.864391000000000        0.592430000000000    
D    0       3   -   4
     21.2925300000000        0.161990000000000    
     5.39316600000000        0.511674000000000    
     1.33388300000000        0.589873000000000    
SP   0       2   -   0
     1.26794300000000       -0.285131000000000        3.018300000000000E-02
    0.188399000000000         1.12802200000000        0.988466000000000    
SP   0       1   -   0
    5.723700000000000E-02     1.00000000000000         1.00000000000000    
****
Ge
S    0       3   -   4
     5073.74990000000        6.272500000000000E-02
     767.724170000000        0.373167000000000    
     168.188810000000        0.684787000000000    
SP   0       3   -   4
     224.436000000000       -0.111515000000000        0.144640000000000    
     48.9554300000000        9.120000000000000E-02    0.575380000000000    
     15.1837000000000        0.963449000000000        0.445995000000000    
SP   0       3   -   4
     15.9125700000000       -0.289565000000000        2.297300000000000E-02
     5.44143700000000        0.293883000000000        0.473245000000000    
     1.74260300000000        0.889199000000000        0.603278000000000    
D    0       3   -   4
     24.3214210000000        0.157799000000000    
     6.22381400000000        0.511492000000000    
     1.58873700000000        0.585770000000000    
SP   0       2   -   1
     1.46653800000000       -0.396734000000000        2.789300000000000E-02
    0.263093000000000         1.19067000000000        0.987490000000000    
SP   0       1   -   0
    8.482099999999999E-02     1.00000000000000         1.00000000000000    
****
As
S    0       3   -   4
     5407.61380000000        6.260100000000000E-02
     818.174360000000        0.372779000000000    
     179.265690000000        0.685184000000000    
SP   0       3   -   4
     237.778300000000       -0.112838000000000        0.149680000000000    
     54.2566200000000        8.722700000000000E-02    0.562322000000000    
     16.3280300000000        0.968188000000000        0.459323000000000    
SP   0       3   -   4
     17.1018500000000       -0.291454000000000        2.568600000000000E-02
     5.80514400000000        0.296962000000000        0.483397000000000    
     1.90208400000000        0.886579000000000        0.588785000000000    
D    0       3   -   4
     27.4372090000000        0.154495000000000    
     7.08404400000000        0.511432000000000    
     1.85582300000000        0.582194000000000    
SP   0       2   -   1
     1.67540400000000       -0.505761000000000        2.528200000000000E-02
    0.341656000000000         1.25176400000000        0.987433000000000    
SP   0       1   -   0
    0.113630000000000         1.00000000000000         1.00000000000000    
****
Se
S    0       3   -   4
     5751.32150000000        6.249300000000000E-02
     870.257210000000        0.372368000000000    
     190.729490000000        0.685580000000000    
SP   0       3   -   4
     255.016400000000       -0.111908000000000        0.146149000000000    
     55.5765400000000        9.099900000000000E-02    0.581371000000000    
     17.3566100000000        0.963668000000000        0.437460000000000    
SP   0       3   -   4
     18.4456800000000       -0.291793000000000        2.442100000000000E-02
     6.32875900000000        0.284621000000000        0.483365000000000    
     2.09675800000000        0.897305000000000        0.587904000000000    
D    0       3   -   4
     30.6274640000000        0.151986000000000    
     7.97127600000000        0.511640000000000    
     2.13481000000000        0.578694000000000    
SP   0       2   -   1
     1.87263300000000       -0.567764000000000        2.825500000000000E-02
    0.417474000000000         1.29412700000000        0.984906000000000    
SP   0       1   -   0
    0.137091000000000         1.00000000000000         1.00000000000000    
****
Br
S    0       3   -   4
     6103.28990000000        6.241800000000000E-02
     923.697430000000        0.372041000000000    
     202.520310000000        0.685873000000000    
SP   0       3   -   4
     270.601500000000       -0.112149000000000        0.147751000000000    
     58.2535700000000        9.314500000000001E-02    0.601056000000000    
     18.4693300000000        0.961679000000000        0.412870000000000    
SP   0       3   -   4
     19.7614200000000       -0.293870000000000        2.500700000000000E-02
     6.82175200000000        0.280266000000000        0.486610000000000    
     2.29162900000000        0.902036000000000        0.582423000000000    
D    0       3   -   4
     33.9650970000000        0.149667000000000    
     8.90083100000000        0.511748000000000    
     2.42843600000000        0.575915000000000    
SP   0       2   -   1
     2.13120600000000       -0.651803000000000        2.870800000000000E-02
    0.499354000000000         1.33601200000000        0.984070000000000    
SP   0       1   -   0
    0.164764000000000         1.00000000000000         1.00000000000000    
****
Kr
S    0       3   -   4
     6446.63070000000        6.254000000000000E-02
     976.875700000000        0.372107000000000    
     214.479550000000        0.685611000000000    
SP   0       3   -   4
     287.644600000000       -0.112061000000000        0.147528000000000    
     62.6200900000000        9.013900000000000E-02    0.586892000000000    
     19.6917400000000        0.964330000000000        0.429507000000000    
SP   0       3   -   4
     21.1232100000000       -0.295817000000000        2.607000000000000E-02
     7.30328600000000        0.279217000000000        0.492250000000000    
     2.48885000000000        0.903730000000000        0.574274000000000    
D    0       3   -   4
     37.3681030000000        0.147947000000000    
     9.85431300000000        0.512172000000000    
     2.73279500000000        0.572950000000000    
SP   0       2   -   2
     2.36137400000000       -0.720245000000000        2.877500000000000E-02
    0.586016000000000         1.37684600000000        0.983339000000000    
SP   0       1   -   0
    0.194447000000000         1.00000000000000         1.00000000000000    
****
Rb
S    0       3   -   4
     6816.72250000000        6.249600000000000E-02
     1033.00070000000        0.371950000000000    
     226.908610000000        0.685729000000000    
SP   0       3   -   4
     304.128300000000       -0.112330000000000        0.148441000000000    
     66.2605800000000        9.075100000000000E-02    0.589125000000000    
     20.9194500000000        0.963941000000000        0.425825000000000    
SP   0       3   -   4
     22.4653300000000       -0.300485000000000        2.445400000000000E-02
     7.87746800000000        0.278357000000000        0.494454000000000    
     2.70527100000000        0.907610000000000        0.571857000000000    
D    0       3   -   4
     40.8660310000000        0.146604000000000    
     10.8408850000000        0.512725000000000    
     3.05083400000000        0.569980000000000    
SP   0       3   -   1
     2.69211600000000       -0.331162000000000        1.190100000000000E-02
    0.723056000000000        0.509699000000000        0.495173000000000    
    0.259838000000000        0.698246000000000        0.573724000000000    
SP   0       2   -   0
    0.189714000000000       -0.271193000000000        3.080000000000000E-04
    3.399700000000000E-02     1.14155000000000        0.999865000000000    
SP   0       1   -   0
    1.471200000000000E-02     1.00000000000000         1.00000000000000    
****
Sr
S    0       3   -   4
     7215.47350000000        6.228200000000000E-02
     1092.85190000000        0.371310000000000    
     239.981820000000        0.686444000000000    
SP   0       3   -   4
     322.124600000000       -0.112235000000000        0.148837000000000    
     70.0904600000000        8.954400000000000E-02    0.591947000000000    
     22.1764100000000        0.964813000000000        0.422171000000000    
SP   0       3   -   4
     23.9276300000000       -0.302472000000000        2.483700000000000E-02
     8.47511400000000        0.270084000000000        0.493478000000000    
     2.94293400000000        0.915920000000000        0.570983000000000    
D    0       3   -   4
     44.5661150000000        0.145127000000000    
     11.8814890000000        0.513068000000000    
     3.38755800000000        0.567664000000000    
SP   0       3   -   1
     2.94096600000000       -0.351985000000000        9.723000000000001E-03
    0.852356000000000        0.497255000000000        0.498322000000000    
    0.321537000000000        0.723860000000000        0.565056000000000    
SP   0       2   -   0
    0.348042000000000       -0.285147000000000        3.080000000000000E-04
    4.817700000000000E-02     1.12093900000000        0.999893000000000    
SP   0       1   -   0
    2.180300000000000E-02     1.00000000000000         1.00000000000000    
****
Y
S    0       3   -   4
     7646.42100000000        6.189100000000000E-02
     1156.86300000000        0.370207000000000    
     253.715200000000        0.687756000000000    
SP   0       3   -   4
     341.854000000000       -0.111900000000000        0.148572000000000    
     74.2098600000000        8.680499999999999E-02    0.594307000000000    
     23.5135200000000        0.966785000000000        0.419604000000000    
SP   0       3   -   4
     18.8626000000000        -1.47787300000000       -0.704141000000000    
     16.4540500000000         1.34725900000000         1.05786200000000    
     3.48450000000000         1.00623100000000        0.739382000000000    
D    0       3   -   4
     50.3537500000000        0.136796000000000    
     13.5307800000000        0.501906000000000    
     3.94499600000000        0.578860000000000    
SP   0       3   -   1
     3.22173300000000       -0.369958000000000        2.494000000000000E-03
     1.05070500000000        0.430864000000000        0.453762000000000    
    0.392592000000000        0.802087000000000        0.613068000000000    
D    0       2   -   1
     1.53013700000000        0.338403000000000    
    0.630067000000000        0.729329000000000    
D    0       1   -   0
    0.216588000000000         1.00000000000000    
SP   0       2   -   0
    0.432764000000000       -0.346458000000000       -1.337000000000000E-03
    5.701200000000000E-02     1.13277700000000         1.00044000000000    
SP   0       1   -   0
    2.375400000000000E-02     1.00000000000000         1.00000000000000    
****
Zr
S    0       3   -   4
     8084.59200000000        6.157800000000000E-02
     1221.66800000000        0.369399000000000    
     267.691700000000        0.688728000000000    
SP   0       3   -   4
     361.021200000000       -0.111907000000000        0.148762000000000    
     78.3049500000000        8.584000000000000E-02    0.596569000000000    
     24.8452300000000        0.967513000000000        0.416785000000000    
SP   0       3   -   4
     20.0062800000000        -1.54434900000000       -0.756848000000000    
     17.5741500000000         1.40959600000000         1.11209000000000    
     3.74298500000000         1.00934900000000        0.736802000000000    
D    0       3   -   4
     54.7232300000000        0.134824000000000    
     14.7741600000000        0.500554000000000    
     4.35896100000000        0.578782000000000    
SP   0       3   -   1
     3.55478800000000       -0.379387000000000        2.599000000000000E-03
     1.17899200000000        0.423285000000000        0.459976000000000    
    0.444697000000000        0.814068000000000        0.605849000000000    
D    0       2   -   1
     1.86284200000000        0.285032000000000    
    0.643313000000000        0.797207000000000    
D    0       1   -   0
    0.199395000000000         1.00000000000000    
SP   0       2   -   0
    0.505049000000000       -0.329512000000000       -1.249000000000000E-03
    6.211600000000000E-02     1.12070900000000         1.00038400000000    
SP   0       1   -   0
    2.558000000000000E-02     1.00000000000000         1.00000000000000    
****
Nb
S    0       3   -   4
     8466.51700000000        6.180400000000000E-02
     1281.26100000000        0.369805000000000    
     281.231100000000        0.688079000000000    
SP   0       3   -   4
     379.472900000000       -0.112106000000000        0.149667000000000    
     82.3358900000000        8.650300000000000E-02    0.598718000000000    
     26.2224800000000        0.967057000000000        0.413238000000000    
SP   0       3   -   4
     21.1629400000000        -1.55513100000000       -0.755462000000000    
     18.5897800000000         1.41793900000000         1.11396600000000    
     4.00998100000000         1.01062000000000        0.732767000000000    
D    0       3   -   4
     59.0121900000000        0.133710000000000    
     16.0127900000000        0.500039000000000    
     4.77718500000000        0.577538000000000    
SP   0       3   -   2
     3.83637500000000       -0.389104000000000        3.290000000000000E-03
     1.30332500000000        0.434970000000000        0.471645000000000    
    0.493431000000000        0.811590000000000        0.593699000000000    
D    0       2   -   1
     1.97044300000000        0.310681000000000    
    0.661935000000000        0.780069000000000    
D    0       1   -   0
    0.205997000000000         1.00000000000000    
SP   0       2   -   0
    0.572373000000000       -0.315609000000000       -1.133000000000000E-03
    6.820300000000000E-02     1.11404700000000         1.00033800000000    
SP   0       1   -   0
    2.715700000000000E-02     1.00000000000000         1.00000000000000    
****
Mo
S    0       3   -   4
     8899.49100000000        6.170600000000000E-02
     1346.76400000000        0.369454000000000    
     295.635200000000        0.688434000000000    
SP   0       3   -   4
     399.313900000000       -0.112144000000000        0.150066000000000    
     86.5935600000000        8.601100000000000E-02    0.600769000000000    
     27.6390400000000        0.967433000000000        0.410386000000000    
SP   0       3   -   4
     22.5029200000000        -1.42230600000000       -0.668066000000000    
     19.4917100000000         1.28418500000000         1.03034600000000    
     4.27818000000000         1.01086600000000        0.728348000000000    
D    0       3   -   4
     63.7804500000000        0.131739000000000    
     17.3735800000000        0.498532000000000    
     5.23078400000000        0.578178000000000    
SP   0       3   -   2
     4.16302100000000       -0.396423000000000        2.963000000000000E-03
     1.43530500000000        0.437079000000000        0.479147000000000    
    0.543782000000000        0.814846000000000        0.586487000000000    
D    0       2   -   2
     2.27093700000000        0.311264000000000    
    0.754653000000000        0.781034000000000    
D    0       1   -   0
    0.235142000000000         1.00000000000000    
SP   0       2   -   0
    0.631801000000000       -0.303362000000000       -1.079000000000000E-03
    7.325800000000000E-02     1.10841300000000         1.00031300000000    
SP   0       1   -   0
    2.802500000000000E-02     1.00000000000000         1.00000000000000    
****
Tc
S    0       3   -   4
     9329.48200000000        6.171200000000000E-02
     1412.50600000000        0.369337000000000    
     310.264300000000        0.688472000000000    
SP   0       3   -   4
     418.817500000000       -0.112403000000000        0.150072000000000    
     91.2507800000000        8.531800000000000E-02    0.600057000000000    
     29.1121200000000        0.968177000000000        0.410986000000000    
SP   0       3   -   4
     25.9106400000000        -1.38044600000000        -1.65527100000000    
     23.2677000000000         1.19790000000000         1.98602000000000    
     4.70708300000000         1.05264900000000        0.729034000000000    
D    0       3   -   4
     68.7837500000000        0.129693000000000    
     18.8038900000000        0.496619000000000    
     5.70522800000000        0.579547000000000    
SP   0       3   -   3
     4.44113800000000       -0.404114000000000        1.229100000000000E-02
     1.59563900000000        0.439838000000000        0.463207000000000    
    0.595560000000000        0.821936000000000        0.598383000000000    
D    0       2   -   2
     2.59916400000000        0.309219000000000    
    0.862276000000000        0.782906000000000    
D    0       1   -   0
    0.270607000000000         1.00000000000000    
SP   0       2   -   0
    0.673881000000000       -0.270003000000000       -9.200000000000000E-04
    7.724100000000000E-02     1.09915000000000         1.00026400000000    
SP   0       1   -   0
    2.869600000000000E-02     1.00000000000000         1.00000000000000    
****
Ru
S    0       3   -   4
     9786.16100000000        6.160500000000000E-02
     1481.47700000000        0.368982000000000    
     325.412200000000        0.688845000000000    
SP   0       3   -   4
     439.866500000000       -0.112391000000000        0.150379000000000    
     95.7627300000000        8.469400000000001E-02    0.601929000000000    
     30.6056600000000        0.968638000000000        0.408464000000000    
SP   0       3   -   4
     27.2773700000000        -1.39555300000000        -1.66861800000000    
     24.5108200000000         1.21085200000000         2.00279000000000    
     5.00894600000000         1.05404500000000        0.725144000000000    
D    0       3   -   4
     73.9833000000000        0.127760000000000    
     20.2814900000000        0.495147000000000    
     6.19429800000000        0.580655000000000    
SP   0       3   -   3
     4.76581200000000       -0.410363000000000        1.127400000000000E-02
     1.73453100000000        0.448003000000000        0.472703000000000    
    0.646636000000000        0.819808000000000        0.589843000000000    
D    0       2   -   3
     2.88910800000000        0.315994000000000    
    0.953961000000000        0.778066000000000    
D    0       1   -   0
    0.295881000000000         1.00000000000000    
SP   0       2   -   0
    0.740662000000000       -0.263966000000000       -7.620000000000000E-04
    8.217099999999999E-02     1.09485700000000         1.00021200000000    
SP   0       1   -   0
    3.009700000000000E-02     1.00000000000000         1.00000000000000    
****
Rh
S    0       3   -   4
     10217.7100000000        6.173200000000000E-02
     1548.41200000000        0.369153000000000    
     340.499000000000        0.688514000000000    
SP   0       3   -   4
     460.759300000000       -0.112446000000000        0.150858000000000    
     100.328900000000        8.438100000000000E-02    0.603514000000000    
     32.1397100000000        0.968902000000000        0.406025000000000    
SP   0       3   -   4
     28.7932900000000        -1.40409100000000        -1.71221800000000    
     25.9176800000000         1.21616900000000         2.04760300000000    
     5.32064000000000         1.05655500000000        0.722983000000000    
D    0       3   -   4
     79.2559700000000        0.126190000000000    
     21.7894500000000        0.493954000000000    
     6.69751800000000        0.581330000000000    
SP   0       3   -   3
     5.10974800000000       -0.412647000000000        9.374000000000000E-03
     1.87541400000000        0.451885000000000        0.481554000000000    
    0.699558000000000        0.818899000000000        0.582231000000000    
D    0       2   -   3
     3.19090800000000        0.321040000000000    
     1.05457500000000        0.773852000000000    
D    0       1   -   0
    0.326079000000000         1.00000000000000    
SP   0       2   -   0
    0.800571000000000       -0.255348000000000       -7.760000000000000E-04
    8.732100000000000E-02     1.09130800000000         1.00021200000000    
SP   0       1   -   0
    3.140700000000000E-02     1.00000000000000         1.00000000000000    
****
Pd
S    0       3   -   4
     10728.7400000000        6.142900000000000E-02
     1624.07400000000        0.368328000000000    
     356.793700000000        0.689503000000000    
SP   0       3   -   4
     482.478300000000       -0.112679000000000        0.151079000000000    
     105.059000000000        8.461200000000001E-02    0.605092000000000    
     33.6814500000000        0.968787000000000        0.403980000000000    
SP   0       3   -   4
     30.1865400000000        -1.41854700000000        -1.70981700000000    
     27.1664200000000         1.22944400000000         2.04930800000000    
     5.63593400000000         1.05708300000000        0.718630000000000    
D    0       3   -   4
     84.2369100000000        0.125643000000000    
     23.2491900000000        0.493720000000000    
     7.19676000000000        0.580343000000000    
SP   0       3   -   3
     5.47537400000000       -0.417261000000000        1.158400000000000E-02
     1.99760400000000        0.470588000000000        0.497455000000000    
    0.743930000000000        0.804636000000000        0.565527000000000    
D    0       2   -   3
     3.47307700000000        0.328154000000000    
     1.14805000000000        0.768027000000000    
D    0       1   -   0
    0.354811000000000         1.00000000000000    
SP   0       2   -   0
    0.890163000000000       -0.278432000000000       -1.272000000000000E-03
    9.282100000000000E-02     1.09302800000000         1.00033200000000    
SP   0       1   -   0
    3.377400000000000E-02     1.00000000000000         1.00000000000000    
****
Ag
S    0       3   -   4
     11190.7800000000        6.149500000000000E-02
     1695.07700000000        0.368405000000000    
     372.675200000000        0.689325000000000    
SP   0       3   -   4
     504.616200000000       -0.112658000000000        0.151480000000000    
     109.871800000000        8.402800000000001E-02    0.606514000000000    
     35.2951300000000        0.969234000000000        0.401830000000000    
SP   0       3   -   4
     31.5687700000000        -1.42202800000000        -1.67336600000000    
     28.3439700000000         1.23409800000000         2.01897600000000    
     5.94512700000000         1.05568300000000        0.712689000000000    
D    0       3   -   4
     89.9333500000000        0.124016000000000    
     24.8749600000000        0.492383000000000    
     7.73819100000000        0.581497000000000    
SP   0       3   -   4
     5.80025600000000       -0.419617000000000        1.430400000000000E-02
     2.12725600000000        0.484350000000000        0.507194000000000    
    0.793551000000000        0.795203000000000        0.553974000000000    
D    0       2   -   3
     3.79655700000000        0.331426000000000    
     1.25664400000000        0.765163000000000    
D    0       1   -   0
    0.388133000000000         1.00000000000000    
SP   0       2   -   0
    0.928544000000000       -0.252300000000000       -1.481000000000000E-03
    9.725499999999999E-02     1.08739200000000         1.00038800000000    
SP   0       1   -   0
    3.493300000000000E-02     1.00000000000000         1.00000000000000    
****
Cd
S    0       3   -   4
     11686.0900000000        6.142700000000000E-02
     1770.11100000000        0.368157000000000    
     389.209000000000        0.689572000000000    
SP   0       3   -   4
     527.600400000000       -0.112592000000000        0.151805000000000    
     114.832900000000        8.327000000000000E-02    0.607760000000000    
     36.9582900000000        0.969798000000000        0.399963000000000    
SP   0       3   -   4
     33.0154800000000        -1.40647100000000        -1.60902400000000    
     29.5454300000000         1.21815600000000         1.95956800000000    
     6.27850800000000         1.05552000000000        0.708027000000000    
D    0       3   -   4
     95.4727400000000        0.123083000000000    
     26.4819600000000        0.491677000000000    
     8.28288600000000        0.581541000000000    
SP   0       3   -   4
     6.15059600000000       -0.422921000000000        1.448200000000000E-02
     2.25974600000000        0.498771000000000        0.518661000000000    
    0.841426000000000        0.785076000000000        0.542666000000000    
D    0       2   -   4
     4.08214100000000        0.337941000000000    
     1.35727900000000        0.759168000000000    
D    0       1   -   0
    0.420831000000000         1.00000000000000    
SP   0       2   -   0
    0.949069000000000       -0.221555000000000       -1.540000000000000E-03
    0.101488000000000         1.08094400000000         1.00041200000000    
SP   0       1   -   0
    3.598700000000000E-02     1.00000000000000         1.00000000000000    
****
In
S    0       3   -   4
     12214.5470000000        6.124800000000000E-02
     1848.91360000000        0.367675000000000    
     406.368330000000        0.690136000000000    
SP   0       3   -   4
     550.442300000000       -0.112709000000000        0.152370000000000    
     119.774400000000        8.344400000000000E-02    0.609651000000000    
     38.6692700000000        0.969688000000000        0.397025000000000    
SP   0       3   -   4
     47.0293100000000       -0.275895000000000       -0.140848000000000    
     22.4964200000000        5.977300000000000E-02    0.529087000000000    
     6.69711700000000         1.08214800000000        0.662068000000000    
D    0       3   -   4
     102.173560000000        0.120556000000000    
     28.3946320000000        0.488498000000000    
     8.92480500000000        0.585019000000000    
SP   0       3   -   4
     6.57236000000000       -0.428483000000000        1.091300000000000E-02
     2.50215800000000        0.463364000000000        0.503676000000000    
    0.942025000000000        0.821968000000000        0.558181000000000    
D    0       3   -   3
     4.53536400000000        0.250857000000000    
     1.53714800000000        0.569311000000000    
    0.499492000000000        0.384064000000000    
SP   0       2   -   0
     1.00122100000000       -0.436417000000000        2.316300000000000E-02
    0.165970000000000         1.18989300000000        0.990331000000000    
SP   0       1   -   0
    5.434000000000000E-02     1.00000000000000         1.00000000000000    
****
Sn
S    0       3   -   4
     12741.6740000000        6.113500000000000E-02
     1928.46920000000        0.367293000000000    
     423.807970000000        0.690545000000000    
SP   0       3   -   4
     574.287500000000       -0.112746000000000        0.152580000000000    
     124.953700000000        8.286300000000001E-02    0.611011000000000    
     40.3957600000000        0.970151000000000        0.395155000000000    
SP   0       3   -   4
     48.8066200000000       -0.282453000000000       -0.150963000000000    
     23.8358800000000        6.605600000000000E-02    0.539968000000000    
     7.04829600000000         1.08198700000000        0.660482000000000    
D    0       3   -   4
     108.056300000000        0.119824000000000    
     30.1315760000000        0.487591000000000    
     9.53003600000000        0.584987000000000    
SP   0       3   -   4
     6.97337800000000       -0.434036000000000        1.195100000000000E-02
     2.69304000000000        0.461029000000000        0.506719000000000    
     1.02595800000000        0.828558000000000        0.552911000000000    
D    0       3   -   4
     4.96261000000000        0.252949000000000    
     1.71208300000000        0.572761000000000    
    0.577195000000000        0.369039000000000    
SP   0       2   -   0
     1.13146300000000       -0.525208000000000        2.107100000000000E-02
    0.203409000000000         1.22922600000000        0.990591000000000    
SP   0       1   -   0
    7.056400000000000E-02     1.00000000000000         1.00000000000000    
****
Sb
S    0       3   -   4
     13289.3830000000        6.098400000000000E-02
     2010.52180000000        0.366849000000000    
     441.698150000000        0.691050000000000    
SP   0       3   -   4
     598.889000000000       -0.112720000000000        0.153067000000000    
     130.038500000000        8.264400000000000E-02    0.613597000000000    
     42.1328600000000        0.970258000000000        0.391699000000000    
SP   0       3   -   4
     51.5133300000000       -0.277043000000000       -0.137870000000000    
     24.4359500000000        5.750300000000000E-02    0.536355000000000    
     7.42093100000000         1.08470300000000        0.650868000000000    
D    0       3   -   4
     115.809550000000        0.116628000000000    
     32.3058350000000        0.483436000000000    
     10.2503280000000        0.590140000000000    
SP   0       3   -   4
     7.31423500000000       -0.440381000000000        1.530500000000000E-02
     2.84405300000000        0.473734000000000        0.516083000000000    
     1.10585500000000        0.822135000000000        0.538757000000000    
D    0       3   -   4
     5.48621000000000        0.248366000000000    
     1.92162000000000        0.574315000000000    
    0.666063000000000        0.364304000000000    
SP   0       2   -   0
     1.27863700000000       -0.601695000000000        2.225300000000000E-02
    0.241232000000000         1.25869200000000        0.989643000000000    
SP   0       1   -   0
    8.663000000000000E-02     1.00000000000000         1.00000000000000    
****
Te
S    0       3   -   4
     13796.5600000000        6.108600000000000E-02
     2088.87980000000        0.366963000000000    
     459.393190000000        0.690794000000000    
SP   0       3   -   4
     623.263100000000       -0.112820000000000        0.153419000000000    
     135.360000000000        8.225200000000001E-02    0.614900000000000    
     44.0004800000000        0.970601000000000        0.389516000000000    
SP   0       3   -   4
     54.1907800000000       -0.274412000000000       -0.143331000000000    
     25.8203900000000        5.183000000000000E-02    0.539188000000000    
     7.80958300000000         1.08762200000000        0.652285000000000    
D    0       3   -   4
     121.408300000000        0.116914000000000    
     34.0152170000000        0.483556000000000    
     10.8691380000000        0.588386000000000    
SP   0       3   -   4
     7.76421700000000       -0.446731000000000        1.274600000000000E-02
     3.04393200000000        0.469470000000000        0.522123000000000    
     1.19925300000000        0.829811000000000        0.532661000000000    
D    0       3   -   4
     5.80311100000000        0.260194000000000    
     2.05806600000000        0.579776000000000    
    0.732830000000000        0.340558000000000    
SP   0       2   -   1
     1.34036400000000       -0.590470000000000        2.558800000000000E-02
    0.278088000000000         1.28196800000000        0.987102000000000    
SP   0       1   -   0
    9.672600000000001E-02     1.00000000000000         1.00000000000000    
****
I
S    0       3   -   4
     14351.1860000000        6.100300000000000E-02
     2173.07410000000        0.366640000000000    
     477.872050000000        0.691131000000000    
SP   0       3   -   4
     648.188700000000       -0.112851000000000        0.154114000000000    
     140.306400000000        8.322800000000000E-02    0.619462000000000    
     45.6988000000000        0.969752000000000        0.383758000000000    
SP   0       3   -   4
     56.6946900000000       -0.273697000000000       -0.152322000000000    
     27.4887500000000        4.650000000000000E-02    0.543769000000000    
     8.20909600000000         1.09157600000000        0.656168000000000    
D    0       3   -   4
     128.090260000000        0.115864000000000    
     35.9823780000000        0.482049000000000    
     11.5511160000000        0.589445000000000    
SP   0       3   -   4
     8.19167900000000       -0.450828000000000        1.187000000000000E-02
     3.24459600000000        0.463209000000000        0.526525000000000    
     1.30048900000000        0.838636000000000        0.526608000000000    
D    0       3   -   4
     6.14615200000000        0.268182000000000    
     2.22093700000000        0.580061000000000    
    0.809912000000000        0.326226000000000    
SP   0       2   -   1
     1.45138000000000       -0.665852000000000        2.754100000000000E-02
    0.328103000000000         1.32858400000000        0.985137000000000    
SP   0       1   -   0
    0.115076000000000         1.00000000000000         1.00000000000000    
****
Xe
S    0       3   -   4
     14902.2360000000        6.099700000000000E-02
     2256.53830000000        0.366629000000000    
     496.373170000000        0.691115000000000    
SP   0       3   -   4
     673.661100000000       -0.112913000000000        0.154427000000000    
     145.849100000000        8.290500000000001E-02    0.620617000000000    
     47.5770800000000        0.970029000000000        0.382004000000000    
SP   0       3   -   4
     59.1675200000000       -0.273977000000000       -0.151857000000000    
     28.6115900000000        4.553000000000000E-02    0.547151000000000    
     8.59659600000000         1.09252800000000        0.651954000000000    
D    0       3   -   4
     134.913310000000        0.115011000000000    
     37.9563870000000        0.481595000000000    
     12.2274750000000        0.589613000000000    
SP   0       3   -   4
     8.63867600000000       -0.455841000000000        9.585000000000000E-03
     3.46281800000000        0.461736000000000        0.529819000000000    
     1.40104000000000        0.844288000000000        0.523598000000000    
D    0       3   -   4
     6.60049300000000        0.271884000000000    
     2.39805100000000        0.585557000000000    
    0.886482000000000        0.312746000000000    
SP   0       2   -   1
     1.57847400000000       -0.727772000000000        2.807200000000000E-02
    0.375081000000000         1.36279700000000        0.984264000000000    
SP   0       1   -   0
    0.133179000000000         1.00000000000000         1.00000000000000    
