H   
S    0       3   -   1
     18.7311369600000        3.349460433798890E-02
     2.82539436500000        0.234726953485906    
    0.640121692300000        0.813757326151140    
S    0       1   -   0
    0.161277758800000        1.000000000000000    
P    2       1   -   3
     1.10000000000000         1.00000000000000    
****
He  
S    0       3   -   3
     38.4216340000000        4.013973934578816E-02
     5.77803000000000        0.261246097040611    
     1.24177400000000        0.793184624630249    
S    0       1   -   0
    0.297964000000000         1.00000000000000    
P    2       1   -   3
     1.10000000000000         1.00000000000000    
****
Li  
S    0       6   -   1
     642.418915000000        2.142607810115089E-03
     96.7985153000000        1.620887150087065E-02
     22.0911212000000        7.731557250415294E-02
     6.20107025000000        0.245786052013202    
     1.93511768000000        0.470189004025256    
    0.636735789000000        0.345470845018557    
SP   0       2  1   -   1  0
     2.32491840800000       -3.509174573532692E-02    8.941508042929433E-03
    0.632430355600000       -0.191232843102612        0.141009464046198    
    7.905343475000000E-02     1.08398779491323        0.945363695309722    
SP   0       1   -   0
    3.596197175000000E-02     1.00000000000000         1.00000000000000    
D    1       1   -   0
    0.200000000000000         1.00000000000000    
****
Be  
S    0       6   -   3
     1264.58569000000        1.944757589600891E-03
     189.936806000000        1.483505199695550E-02
     43.1590890000000        7.209054628520535E-02
     12.0986627000000        0.237154149951330    
     3.80632322000000        0.469198651903710    
     1.27289030000000        0.356520227926834    
SP   0       2  1   -   1  0
     3.19646309800000       -0.112648728469785        5.598019979507415E-02
    0.747813303800000       -0.229506407919760        0.261550610976985    
    0.219966330200000         1.18691676441343        0.793972338930136    
SP   0       1   -   0
    8.230990069999999E-02     1.00000000000000         1.00000000000000    
D    1       1   -   1
    0.400000000000000         1.00000000000000    
****
B   
S    0       6   -   4
     2068.88225000000        1.866274589975097E-03
     310.649570000000        1.425148169980983E-02
     70.6830330000000        6.955161849907190E-02
     19.8610803000000        0.232572932996896    
     6.29930484000000        0.467078711993767    
     2.12702697000000        0.363431439995150    
SP   0       3   -   1
     4.72797107100000       -0.130393797437803        7.459757991978638E-02
     1.19033773600000       -0.130788951439130        0.307846677081654    
    0.359411682900000         1.13094448379720        0.743456834197196    
SP   0       1   -   0
    0.126751246900000         1.00000000000000        1.000000000000000    
D    1       1   -   1
    0.600000000000000         1.00000000000000    
****
C   
S    0       6   -   4
     3047.52488000000        1.834737131704336E-03
     457.369518000000        1.403732281303964E-02
     103.948685000000        6.884262226394973E-02
     29.2101553000000        0.232184443215682    
     9.28666296000000        0.467941348434683    
     3.16392696000000        0.362311985336561    
SP   0       3   -   1
     7.86827235000000       -0.119332419774609        6.899906659055290E-02
     1.88128854000000       -0.160854151696184        0.316423960956676    
    0.544249258000000         1.14345643784028        0.744308290898092    
SP   0       1   -   0
    0.168714478200000         1.00000000000000         1.00000000000000    
D    1       1   -   2
    0.800000000000000         1.00000000000000    
****
N   
S    0       6   -   4
     4173.51146000000        1.834772160318956E-03
     627.457911000000        1.399462700243282E-02
     142.902093000000        6.858655181192305E-02
     40.2343293000000        0.232240873040373    
     12.8202129000000        0.469069948081543    
     4.39043701000000        0.360455199062661    
SP   0       3   -   1
     11.6263618600000       -0.114961181702832        6.757974387681374E-02
     2.71627980700000       -0.169117478562842        0.323907295888869    
    0.772218396600000         1.14585194703804        0.740895139745803    
SP   0       1   -   0
    0.212031497500000         1.00000000000000         1.00000000000000    
D    1       1   -   2
    0.800000000000000         1.00000000000000    
****
O   
S    0       6   -   4
     5484.67166000000        1.831074429935815E-03
     825.234946000000        1.395017219951100E-02
     188.046958000000        6.844507809760078E-02
     52.9645000000000        0.232714335991843    
     16.8975704000000        0.470192897983518    
     5.79963534000000        0.358520852987433    
SP   0       3   -   3
     15.5396162500000       -0.110777549523202        7.087426823162325E-02
     3.59993358600000       -0.148026262699128        0.339752839151594    
     1.01376175000000         1.13076701534061        0.727158577324449    
SP   0       1   -   0
    0.270005822600000         1.00000000000000         1.00000000000000    
D    1       1   -   2
    0.800000000000000         1.00000000000000    
****
F   
S    0       6   -   4
     7001.71309000000        1.819616900926259E-03
     1051.36609000000        1.391607960708385E-02
     239.285690000000        6.840532453482111E-02
     67.3974453000000        0.233185760118701    
     21.5199573000000        0.471267439239894    
     7.40310130000000        0.356618546181533    
SP   0       3   -   3
     20.8479528000000       -0.108506975109158        7.162872423722151E-02
     4.80830834000000       -0.146451658147331        0.345912102696828    
     1.34406986000000         1.12868858113546        0.722469956366796    
SP   0       1   -   0
    0.358151393000000         1.00000000000000        1.000000000000000    
D    1       1   -   2
    0.800000000000000         1.00000000000000    
****
Ne  
S    0       6   -   4
     8425.85153000000        1.884348050233604E-03
     1268.51940000000        1.433689940177735E-02
     289.621414000000        7.010962330869154E-02
     81.8590040000000        0.237373266029427    
     26.2515079000000        0.473007126058639    
     9.09472051000000        0.348401241043191    
SP   0       3   -   4
     26.5321310000000       -0.107118287242206        7.190958850600745E-02
     6.10175501000000       -0.146163821330492        0.349513372029199    
     1.69627153000000         1.12777350255002        0.719940512060145    
SP   0       1   -   1
    0.445818700000000         1.00000000000000        1.000000000000000    
D    1       1   -   2
    0.800000000000000         1.00000000000000    
****
Na  
S    0       6   -   4
     9993.20000000000        1.937659277335879E-03
     1499.89000000000        1.480699447762372E-02
     341.951000000000        7.270547288396509E-02
     94.6796000000000        0.252628905780212    
     29.7345000000000        0.493241816041877    
     10.0063000000000        0.313168883201387    
SP   0       6   -   1
     150.963000000000       -3.542083503627409E-03    5.001659709718364E-03
     35.5878000000000       -4.395884348158611E-02    3.551089793905181E-02
     11.1683000000000       -0.109752108560539        0.142824991710857    
     3.90201000000000        0.187398185363619        0.338619980347491    
     1.38177000000000        0.646699639678478        0.451578973791683    
    0.466382000000000        0.306058302735454        0.273270984140155    
SP   0       3   -   0
    0.497966000000000       -0.248503159332795       -2.302250042756730E-02
    8.435290000000001E-02   -0.131704084444721        0.950359017649796    
    6.663500000000000E-02     1.23352079089665        5.985790111166384E-02
SP   0       1   -   0
    2.595440000000000E-02     1.00000000000000         1.00000000000000    
D    1       1   -   0
    0.175000000000000         1.00000000000000    
****
Mg  
S    0       6   -   4
     11722.8000000000        1.977829317209665E-03
     1759.93000000000        1.511399478231541E-02
     400.846000000000        7.391077448436929E-02
     112.807000000000        0.249190913973796    
     35.9997000000000        0.487927831556543    
     12.1828000000000        0.319661889645660    
SP   0       6   -   1
     189.180000000000       -3.237170471306359E-03    4.928129921131335E-03
     45.2119000000000       -4.100790597042603E-02    3.498879944004724E-02
     14.3563000000000       -0.112600016393670        0.140724997747869    
     5.13886000000000        0.148633021639790        0.333641994660470    
     1.90652000000000        0.616497089757089        0.444939992879282    
    0.705887000000000        0.364829053116218        0.269253995690921    
SP   0       3   -   0
    0.929340000000000       -0.212290898493948       -2.241918123085518E-02
    0.269035000000000       -0.107985457034570        0.192270839032515    
    0.117379000000000         1.17584497661276        0.846180291585171    
SP   0       1   -   0
    4.210610000000000E-02     1.00000000000000         1.00000000000000    
D    1       1   -   0
    0.175000000000000         1.00000000000000    
****
Al  
S    0       6   -   4
     13983.1000000000        1.942669946697538E-03
     2098.75000000000        1.485989959227802E-02
     477.705000000000        7.284939800117755E-02
     134.360000000000        0.246829993227544    
     42.8709000000000        0.487257986630745    
     14.5189000000000        0.323495991124003    
SP   0       6   -   2
     239.668000000000       -2.926190027798592E-03    4.602845581835036E-03
     57.4419000000000       -3.740830035537612E-02    3.319896813307871E-02
     18.2859000000000       -0.114487001087618        0.136281869186187    
     6.59914000000000        0.115635001098524        0.330475682784039    
     2.49049000000000        0.612595005819608        0.449145568875562    
    0.944545000000000        0.393799003741062        0.265703744957124    
SP   0       2  1   -   1  0
     1.27790000000000       -0.227606924476923       -1.751260188716947E-02
    0.397590000000000        1.445835872588904E-03    0.244533026351039    
    0.160095000000000         1.09279443863139        0.804934086740225    
SP   0       1   -   0
    5.565770000000000E-02     1.00000000000000         1.00000000000000    
D    1       1   -   1
    0.325000000000000         1.00000000000000    
****
Si  
S    0       6   -   4
     16115.9000000000        1.959480215544232E-03
     2425.58000000000        1.492880164217892E-02
     553.867000000000        7.284780801331127E-02
     156.340000000000        0.246130027074480    
     50.0683000000000        0.485914053450895    
     17.0178000000000        0.325002035750458    
SP   0       6   -   3
     292.718000000000       -2.780941414749545E-03    4.438264520798176E-03
     69.8731000000000       -3.571461816911335E-02    3.266793327542387E-02
     22.3363000000000       -0.114985058496399        0.134721137226402    
     8.15039000000000        9.356344759857371E-02    0.328678334790414    
     3.13458000000000        0.603017306773259        0.449640458001940    
     1.22543000000000        0.418959213137304        0.261372266232727    
SP   0       2  1   -   1  0
     1.72738000000000       -0.244631004248531       -1.779510605491636E-02
    0.572922000000000        4.315737716778283E-03    0.253539086268548    
    0.222192000000000         1.09818450821916        0.800669272433638    
SP   0       1   -   0
    7.783690000000000E-02     1.00000000000000         1.00000000000000    
D    1       1   -   1
    0.450000000000000        1.000000000000000    
****
P   
S    0       6   -   4
     19413.3000000000        1.851598922809959E-03
     2909.42000000000        1.420619173537634E-02
     661.364000000000        6.999945927696898E-02
     185.759000000000        0.240078860331223    
     59.1943000000000        0.484761717984015    
     20.0310000000000        0.335199804993464    
SP   0       6   -   3
     339.478000000000       -2.782170104519607E-03    4.564616190607359E-03
     81.0101000000000       -3.604990135431026E-02    3.369357188108717E-02
     25.8780000000000       -0.116631004381553        0.139754883367801    
     9.45221000000000        9.683280363778135E-02    0.339361716786259    
     3.66566000000000        0.614418023082244        0.450920623684964    
     1.46746000000000        0.403798015169745        0.238585800888628    
SP   0       2  1   -   1  0
     2.15623000000000       -0.252924113863092       -1.776531273343097E-02
    0.748997000000000        3.285184467761387E-02    0.274058196433419    
    0.283145000000000         1.08125476178310        0.785421562957230    
SP   0       1   -   0
    9.983170000000000E-02     1.00000000000000        1.000000000000000    
D    1       1   -   1
    0.550000000000000         1.00000000000000    
****
S   
S    0       6   -   4
     21917.1000000000        1.869240849098173E-03
     3301.49000000000        1.423030646408258E-02
     754.146000000000        6.969623165934608E-02
     212.711000000000        0.238487108332197    
     67.9896000000000        0.483307219541145    
     23.0515000000000        0.338074153569373    
SP   0       6   -   4
     423.735000000000       -2.376770498762630E-03    4.061009981965474E-03
     100.710000000000       -3.169300665074199E-02    3.068129986374752E-02
     32.1599000000000       -0.113317023779451        0.130451999420676    
     11.8079000000000        5.609001177042622E-02    0.327204998546916    
     4.63110000000000        0.592255124284075        0.452850997988936    
     1.87025000000000        0.455006095482520        0.256041998862944    
SP   0       3   -   1
     2.61584000000000       -0.250373114158728       -1.451048954674585E-02
    0.922167000000000        6.695676310130426E-02    0.310262776488888    
    0.341287000000000         1.05450626906756        0.754482456476169    
SP   0       1   -   0
    0.117167000000000         1.00000000000000         1.00000000000000    
D    1       1   -   1
    0.650000000000000         1.00000000000000    
****
Cl  
S    0       6   -   4
     25180.1000000000        1.832959847817276E-03
     3780.35000000000        1.403419883480121E-02
     860.474000000000        6.909739426314239E-02
     242.145000000000        0.237451980285390    
     77.3349000000000        0.483033959895781    
     26.2470000000000        0.339855971783230    
SP   0       6   -   4
     491.765000000000       -2.297391416587545E-03    3.989400879233022E-03
     116.984000000000       -3.071371893829297E-02    3.031770668178748E-02
     37.4153000000000       -0.112528069385591        0.129880028624551    
     13.7834000000000        4.501632775738116E-02    0.327951072277874    
     5.45215000000000        0.589353363399388        0.453527099953856    
     2.22588000000000        0.465206286849436        0.252154055572799    
SP   0       3   -   1
     3.18649000000000       -0.251828027966699       -1.429931471914664E-02
     1.14427000000000        6.158925140847094E-02    0.323572333072508    
    0.420377000000000         1.06018432769216        0.743507765337363    
SP   0       1   -   0
    0.142657000000000         1.00000000000000         1.00000000000000    
D    1       1   -   1
    0.750000000000000         1.00000000000000    
****
Ar  
S    0       6   -   4
     28348.3000000000        1.825260192174560E-03
     4257.62000000000        1.396860147069982E-02
     969.857000000000        6.870730723392564E-02
     273.263000000000        0.236204024869005    
     87.3695000000000        0.482214050770445    
     29.6867000000000        0.342043036012383    
SP   0       6   -   4
     575.891000000000       -2.159720895457092E-03    3.806649842191559E-03
     136.816000000000       -2.907751205603207E-02    2.923049878822071E-02
     43.8098000000000       -0.110827045950782        0.126466994757185    
     16.2094000000000        2.769991148485539E-02    0.323509986588573    
     6.46084000000000        0.577613239488293        0.454895981141836    
     2.65114000000000        0.488688202618458        0.256629989361150    
SP   0       3   -   1
     3.86028000000000       -0.255592960393063       -1.591969039655401E-02
     1.41373000000000        3.780674205920514E-02    0.324645804159606    
    0.516646000000000         1.08056406023008        0.743989551193315    
SP   0       1   -   0
    0.173888000000000         1.00000000000000         1.00000000000000    
D    1       1   -   2
    0.850000000000000         1.00000000000000    
